10264
0 782
1 90
2 197
3 5580
4 330
5 48
6 140
7 4155
8 7297
9 172
10 3613
11 3227
12 4725
13 0
14 0
15 92
17 0
16 350
19 165
18 787
21 9
20 0
23 1448
22 2
25 1281
24 0
27 80
26 0
29 522
28 199
31 108
30 316
34 2387
35 0
32 65
33 232
38 82
39 104
36 858
37 1250
42 418
43 160
40 798
41 401
46 56
47 2384
44 131
45 96
51 0
50 727
49 0
48 812
55 243
54 0
53 0
52 0
59 0
58 273
57 0
56 0
63 182
62 0
61 0
60 160
68 0
69 540
70 0
71 576
64 67
65 306
66 85
67 282
76 51
77 442
78 99
79 154
72 0
73 0
74 0
75 0
85 104
84 0
87 53
86 88
81 139
80 0
83 4
82 53
93 38
92 0
95 6
94 30
89 5
88 4
91 0
90 91
102 753
103 62
100 114
101 35
98 33
99 204
96 64
97 144
110 292
111 136
108 0
109 369
106 0
107 40
104 7
105 191
119 42
118 167
117 654
116 4
115 17
114 9
113 0
112 0
127 575
126 239
125 0
124 1052
123 522
122 378
121 415
120 494
137 0
136 777
139 392
138 150
141 523
140 187
143 252
142 148
129 7
128 0
131 232
130 1710
133 755
132 0
135 0
134 496
152 754
153 243
154 429
155 9
156 192
157 76
158 53
159 0
144 1019
145 390
146 0
147 0
148 1433
149 1236
150 265
151 167
171 275
170 0
169 88
168 74
175 252
174 0
173 83
172 1286
163 697
162 3
161 38
160 547
167 796
166 319
165 32
164 133
186 62
187 552
184 658
185 596
190 0
191 61
188 167
189 1847
178 425
179 81
176 1
177 61
182 1172
183 498
180 405
181 243
205 1141
204 213
207 333
206 478
201 1290
200 0
203 46
202 95
197 3
196 0
199 0
198 699
193 288
192 542
195 34
194 102
220 860
221 59
222 4191
223 893
216 230
217 5070
218 623
219 0
212 737
213 308
214 8009
215 2519
208 199
209 11
210 1159
211 1610
239 0
238 323
237 1247
236 748
235 0
234 0
233 10285
232 1142
231 674
230 471
229 10467
228 2520
227 899
226 1016
225 12155
224 3264
254 459
255 851
252 0
253 4465
250 5094
251 5461
248 2612
249 1511
246 346
247 70
244 121
245 163
242 1158
243 514
240 3793
241 40
275 0
274 2293
273 1275
272 1262
279 3568
278 1998
277 0
276 676
283 3233
282 0
281 2222
280 1593
287 1337
286 6642
285 1662
284 622
258 202
259 0
256 1919
257 16
262 0
263 1103
260 0
261 2085
266 0
267 303
264 0
265 1692
270 321
271 959
268 855
269 757
305 2874
304 569
307 0
306 0
309 494
308 1618
311 195
310 545
313 2121
312 2149
315 147
314 158
317 542
316 1402
319 91
318 256
288 38
289 25
290 509
291 1027
292 0
293 4445
294 862
295 1236
296 0
297 0
298 0
299 5137
300 2239
301 392
302 1127
303 35
343 0
342 0
341 0
340 12496
339 3410
338 7976
337 4441
336 1325
351 603
350 206
349 6
348 0
347 4408
346 573
345 0
344 0
326 71
327 137
324 54
325 4071
322 3824
323 3460
320 1513
321 596
334 346
335 139
332 2825
333 958
330 138
331 2356
328 299
329 452
373 604
372 0
375 5
374 0
369 743
368 515
371 617
370 0
381 1016
380 855
383 2362
382 1587
377 0
376 2490
379 0
378 797
356 2514
357 2930
358 935
359 394
352 124
353 5351
354 2988
355 400
364 243
365 49
366 73
367 203
360 1170
361 1335
362 128
363 80
410 2223
411 809
408 279
409 190
414 699
415 0
412 884
413 2071
402 465
403 1272
400 0
401 0
406 0
407 250
404 59
405 175
395 8276
394 8906
393 5974
392 0
399 7112
398 873
397 0
396 4654
387 111
386 672
385 2064
384 2263
391 6307
390 2284
389 2936
388 1116
440 27
441 723
442 2048
443 397
444 2742
445 895
446 2205
447 891
432 1420
433 2079
434 3688
435 6296
436 0
437 305
438 55
439 16
425 5317
424 28
427 23
426 0
429 226
428 8377
431 401
430 2203
417 4619
416 1345
419 1021
418 0
421 4022
420 178
423 0
422 890
478 186
479 241
476 131
477 573
474 1624
475 87
472 767
473 1361
470 2784
471 3904
468 1070
469 3761
466 324
467 801
464 1
465 617
463 2060
462 2160
461 89
460 955
459 2186
458 0
457 0
456 627
455 1225
454 457
453 154
452 871
451 729
450 833
449 0
448 7736
508 23
509 1024
510 501
511 32
504 1447
505 0
506 1782
507 5679
500 0
501 797
502 0
503 2666
496 0
497 452
498 0
499 1
493 4
492 75
495 3
494 2620
489 1617
488 4164
491 8
490 0
485 1235
484 2799
487 0
486 0
481 182
480 293
483 931
482 100
550 6285
551 2209
548 435
549 598
546 2012
547 1919
544 2097
545 2452
558 364
559 1441
556 946
557 2030
554 2110
555 3180
552 224
553 215
567 2981
566 1726
565 0
564 0
563 2759
562 271
561 1909
560 1819
575 666
574 1420
573 220
572 716
571 0
570 342
569 1110
568 0
516 54
517 883
518 23
519 1247
512 358
513 200
514 0
515 1326
524 363
525 175
526 27
527 166
520 2193
521 1504
522 576
523 2036
533 971
532 0
535 219
534 356
529 0
528 0
531 1216
530 636
541 7315
540 3052
543 767
542 2812
537 547
536 0
539 244
538 389
610 155
611 201
608 277
609 4121
614 0
615 1624
612 1436
613 104
618 2575
619 465
616 508
617 2512
622 1328
623 2
620 1307
621 678
627 3363
626 336
625 781
624 98
631 2238
630 0
629 17225
628 110
635 340
634 3699
633 1173
632 7205
639 128
638 4190
637 12
636 2815
576 4538
577 630
578 1111
579 1388
580 1987
581 42
582 1454
583 4797
584 0
585 4435
586 624
587 422
588 63
589 142
590 70
591 145
593 98
592 12
595 34
594 84
597 426
596 51
599 4898
598 1282
601 2228
600 849
603 22
602 3792
605 9770
604 1836
607 520
606 5110
687 32
686 748
685 542
684 3667
683 346
682 0
681 7827
680 0
679 1940
678 52
677 4732
676 775
675 573
674 3534
673 23
672 0
702 5115
703 7546
700 713
701 4483
698 831
699 3234
696 1126
697 280
694 722
695 1708
692 736
693 2570
690 1603
691 3498
688 0
689 832
653 2256
652 0
655 35
654 183
649 3618
648 562
651 0
650 0
645 1269
644 5144
647 14
646 221
641 676
640 31
643 88
642 142
668 893
669 927
670 4723
671 4904
664 15951
665 25
666 1376
667 612
660 857
661 549
662 663
663 2046
656 50
657 174
658 7
659 2599
747 3
746 168
745 238
744 217
751 129
750 93
749 13
748 436
739 0
738 8778
737 47
736 201
743 1603
742 453
741 2946
740 0
762 99
763 4410
760 1101
761 146
766 361
767 4578
764 1709
765 274
754 1316
755 248
752 52
753 721
758 1025
759 2197
756 488
757 980
713 2
712 299
715 233
714 2
717 58
716 509
719 4459
718 146
705 1995
704 0
707 3236
706 1946
709 462
708 7841
711 29
710 1816
728 1723
729 3786
730 1420
731 1178
732 396
733 198
734 19164
735 160
720 258
721 1206
722 212
723 205
724 13
725 2561
726 0
727 108
821 2845
820 5
823 868
822 0
817 914
816 2503
819 4050
818 119
829 633
828 580
831 942
830 2508
825 3517
824 407
827 11
826 475
804 2271
805 1773
806 2142
807 3568
800 3728
801 3295
802 129
803 180
812 287
813 465
814 399
815 6178
808 2914
809 10
810 651
811 96
791 0
790 415
789 0
788 345
787 652
786 333
785 1732
784 0
799 736
798 698
797 128
796 0
795 0
794 1365
793 0
792 275
774 179
775 3169
772 1943
773 1489
770 1017
771 2739
768 0
769 0
782 486
783 984
780 0
781 0
778 1692
779 4121
776 180
777 883
881 5
880 59
883 4556
882 639
885 1416
884 2538
887 0
886 13897
889 0
888 5331
891 1566
890 4669
893 267
892 2988
895 41
894 138
864 2241
865 1404
866 1452
867 2170
868 946
869 488
870 92
871 664
872 4294
873 975
874 1369
875 0
876 4099
877 220
878 206
879 151
851 0
850 1
849 0
848 0
855 1694
854 0
853 0
852 5241
859 2203
858 199
857 1103
856 770
863 2587
862 418
861 1475
860 77
834 0
835 3
832 0
833 0
838 0
839 0
836 0
837 0
842 1
843 0
840 0
841 1
846 0
847 1
844 1
845 0
956 0
957 0
958 0
959 0
952 2501
953 0
954 174
955 0
948 2192
949 998
950 4638
951 425
944 3076
945 1487
946 4315
947 0
941 4233
940 0
943 0
942 668
937 1534
936 793
939 6222
938 63
933 1135
932 3567
935 3002
934 151
929 1223
928 0
931 1349
930 846
926 269
927 890
924 0
925 338
922 318
923 4954
920 2284
921 206
918 2104
919 43
916 783
917 490
914 2759
915 48
912 1638
913 1604
911 133
910 1561
909 792
908 1324
907 50
906 215
905 4239
904 0
903 1174
902 889
901 1316
900 115
899 54
898 53
897 114
896 15
1016 252
1017 18
1018 22
1019 9
1020 18
1021 7
1022 3
1023 5
1008 969
1009 456
1010 130
1011 5
1012 611
1013 4
1014 0
1015 0
1001 474
1000 530
1003 2453
1002 351
1005 379
1004 2034
1007 398
1006 27
993 1568
992 970
995 1656
994 251
997 249
996 2188
999 362
998 135
986 0
987 0
984 5073
985 2011
990 513
991 168
988 145
989 144
978 1849
979 0
976 0
977 2232
982 2281
983 1868
980 1425
981 195
971 20
970 150
969 2
968 3455
975 0
974 3788
973 1002
972 0
963 0
962 0
961 0
960 5800
967 850
966 55
965 1778
964 13
1100 0
1101 493
1102 175
1103 3077
1096 1062
1097 259
1098 0
1099 4922
1092 2384
1093 6380
1094 400
1095 3158
1088 810
1089 0
1090 147
1091 1583
1117 2110
1116 586
1119 3948
1118 1127
1113 258
1112 0
1115 278
1114 2054
1109 1528
1108 1378
1111 0
1110 0
1105 40
1104 1900
1107 693
1106 1420
1134 74
1135 156
1132 0
1133 2054
1130 425
1131 405
1128 1213
1129 202
1126 0
1127 1169
1124 261
1125 2332
1122 0
1123 1122
1120 0
1121 1934
1151 1814
1150 2765
1149 3040
1148 262
1147 898
1146 0
1145 7063
1144 0
1143 0
1142 4380
1141 663
1140 1436
1139 457
1138 53
1137 6906
1136 666
1032 4007
1033 4348
1034 761
1035 5
1036 26
1037 1309
1038 3483
1039 0
1024 59
1025 0
1026 436
1027 797
1028 143
1029 2347
1030 684
1031 144
1049 1230
1048 6452
1051 6153
1050 0
1053 949
1052 0
1055 4415
1054 694
1041 1270
1040 2611
1043 7997
1042 2556
1045 0
1044 1745
1047 3751
1046 193
1066 509
1067 9927
1064 2962
1065 1134
1070 5309
1071 0
1068 537
1069 0
1058 0
1059 3034
1056 0
1057 1085
1062 1414
1063 171
1060 0
1061 498
1083 2636
1082 479
1081 1152
1080 1312
1087 123
1086 530
1085 976
1084 771
1075 9
1074 10500
1073 1158
1072 500
1079 93
1078 646
1077 826
1076 14421
1221 7151
1220 1448
1223 46
1222 5420
1217 147
1216 3687
1219 391
1218 114
1229 3514
1228 0
1231 2756
1230 0
1225 150
1224 0
1227 505
1226 1153
1236 106
1237 1308
1238 2006
1239 0
1232 1373
1233 1342
1234 2098
1235 1313
1244 818
1245 462
1246 473
1247 5
1240 127
1241 0
1242 1562
1243 3528
1255 33
1254 1284
1253 202
1252 813
1251 306
1250 1299
1249 5001
1248 3201
1263 8549
1262 384
1261 61
1260 5399
1259 3361
1258 99
1257 411
1256 237
1270 407
1271 3162
1268 0
1269 84
1266 1779
1267 19
1264 0
1265 4197
1278 133
1279 338
1276 278
1277 2449
1274 489
1275 278
1272 178
1273 221
1153 58
1152 0
1155 867
1154 376
1157 0
1156 4204
1159 762
1158 1216
1161 437
1160 2781
1163 0
1162 3124
1165 297
1164 5273
1167 505
1166 3107
1168 2280
1169 1059
1170 614
1171 262
1172 1339
1173 609
1174 422
1175 199
1176 69
1177 143
1178 334
1179 572
1180 80
1181 166
1182 944
1183 404
1187 21
1186 125
1185 135
1184 1232
1191 2719
1190 406
1189 585
1188 367
1195 2
1194 989
1193 1302
1192 1206
1199 2173
1198 0
1197 3299
1196 3306
1202 341
1203 453
1200 2493
1201 1122
1206 1894
1207 471
1204 61
1205 359
1210 166
1211 953
1208 1089
1209 500
1214 5166
1215 20
1212 2421
1213 1104
1375 0
1374 0
1373 0
1372 0
1371 0
1370 0
1369 0
1368 0
1367 0
1366 0
1365 54448
1364 0
1363 9635
1362 3556
1361 1577
1360 5845
1358 785
1359 235
1356 1517
1357 265
1354 3127
1355 0
1352 0
1353 2428
1350 35
1351 1859
1348 2763
1349 2598
1346 321
1347 1261
1344 70
1345 1925
1405 0
1404 0
1407 0
1406 0
1401 0
1400 0
1403 0
1402 0
1397 0
1396 0
1399 0
1398 0
1393 0
1392 0
1395 0
1394 0
1388 0
1389 0
1390 0
1391 0
1384 0
1385 0
1386 0
1387 0
1380 0
1381 0
1382 0
1383 0
1376 0
1377 0
1378 0
1379 0
1307 8
1306 135
1305 158
1304 214
1311 0
1310 3865
1309 553
1308 861
1299 2268
1298 345
1297 8
1296 191
1303 232
1302 319
1301 642
1300 135
1290 2095
1291 185
1288 634
1289 1299
1294 55
1295 418
1292 3649
1293 1721
1282 8631
1283 0
1280 3617
1281 1
1286 0
1287 212
1284 136
1285 56
1337 121
1336 402
1339 2411
1338 824
1341 2225
1340 0
1343 309
1342 1032
1329 1138
1328 3987
1331 189
1330 381
1333 1347
1332 0
1335 7004
1334 111
1320 1903
1321 921
1322 1893
1323 76
1324 2272
1325 5275
1326 5187
1327 2166
1312 1155
1313 4724
1314 1530
1315 1969
1316 0
1317 445
1318 2040
1319 3879
1494 0
1495 0
1492 0
1493 0
1490 0
1491 0
1488 0
1489 0
1502 0
1503 0
1500 0
1501 0
1498 0
1499 0
1496 0
1497 0
1479 0
1478 0
1477 0
1476 0
1475 0
1474 0
1473 0
1472 0
1487 0
1486 0
1485 0
1484 0
1483 0
1482 0
1481 0
1480 0
1524 0
1525 0
1526 0
1527 0
1520 0
1521 0
1522 0
1523 0
1532 0
1533 0
1534 0
1535 0
1528 0
1529 0
1530 0
1531 0
1509 0
1508 0
1511 0
1510 0
1505 0
1504 0
1507 0
1506 0
1517 0
1516 0
1519 0
1518 0
1513 0
1512 0
1515 0
1514 0
1426 0
1427 0
1424 0
1425 0
1430 0
1431 0
1428 0
1429 0
1434 0
1435 0
1432 0
1433 0
1438 0
1439 0
1436 0
1437 0
1411 0
1410 0
1409 0
1408 0
1415 0
1414 0
1413 0
1412 0
1419 0
1418 0
1417 0
1416 0
1423 0
1422 0
1421 0
1420 0
1456 0
1457 0
1458 0
1459 0
1460 0
1461 0
1462 0
1463 0
1464 0
1465 0
1466 0
1467 0
1468 0
1469 0
1470 0
1471 0
1441 0
1440 0
1443 0
1442 0
1445 0
1444 0
1447 0
1446 0
1449 0
1448 0
1451 0
1450 0
1453 0
1452 0
1455 0
1454 0
1642 0
1643 0
1640 0
1641 0
1646 0
1647 0
1644 0
1645 0
1634 0
1635 0
1632 0
1633 0
1638 0
1639 0
1636 0
1637 0
1659 0
1658 0
1657 0
1656 0
1663 0
1662 0
1661 0
1660 0
1651 0
1650 0
1649 0
1648 0
1655 0
1654 0
1653 0
1652 0
1608 0
1609 0
1610 0
1611 0
1612 0
1613 0
1614 0
1615 0
1600 0
1601 0
1602 0
1603 0
1604 0
1605 0
1606 0
1607 0
1625 0
1624 0
1627 0
1626 0
1629 0
1628 0
1631 0
1630 0
1617 0
1616 0
1619 0
1618 0
1621 0
1620 0
1623 0
1622 0
1582 0
1583 0
1580 0
1581 0
1578 0
1579 0
1576 0
1577 0
1574 0
1575 0
1572 0
1573 0
1570 0
1571 0
1568 0
1569 0
1599 0
1598 0
1597 0
1596 0
1595 0
1594 0
1593 0
1592 0
1591 0
1590 0
1589 0
1588 0
1587 0
1586 0
1585 0
1584 0
1548 0
1549 0
1550 0
1551 0
1544 0
1545 0
1546 0
1547 0
1540 0
1541 0
1542 0
1543 0
1536 0
1537 0
1538 0
1539 0
1565 0
1564 0
1567 0
1566 0
1561 0
1560 0
1563 0
1562 0
1557 0
1556 0
1559 0
1558 0
1553 0
1552 0
1555 0
1554 0
1763 0
1762 0
1761 0
1760 0
1767 0
1766 0
1765 0
1764 0
1771 0
1770 0
1769 0
1768 0
1775 0
1774 0
1773 0
1772 0
1778 0
1779 0
1776 0
1777 0
1782 0
1783 0
1780 0
1781 0
1786 0
1787 0
1784 0
1785 0
1790 0
1791 0
1788 0
1789 0
1729 0
1728 0
1731 0
1730 0
1733 0
1732 0
1735 0
1734 0
1737 0
1736 0
1739 0
1738 0
1741 0
1740 0
1743 0
1742 0
1744 0
1745 0
1746 0
1747 0
1748 0
1749 0
1750 0
1751 0
1752 0
1753 0
1754 0
1755 0
1756 0
1757 0
1758 0
1759 0
1703 0
1702 0
1701 0
1700 0
1699 0
1698 0
1697 0
1696 0
1711 0
1710 0
1709 0
1708 0
1707 0
1706 0
1705 0
1704 0
1718 0
1719 0
1716 0
1717 0
1714 0
1715 0
1712 0
1713 0
1726 0
1727 0
1724 0
1725 0
1722 0
1723 0
1720 0
1721 0
1669 0
1668 0
1671 0
1670 0
1665 0
1664 0
1667 0
1666 0
1677 0
1676 0
1679 0
1678 0
1673 0
1672 0
1675 0
1674 0
1684 0
1685 0
1686 0
1687 0
1680 0
1681 0
1682 0
1683 0
1692 0
1693 0
1694 0
1695 0
1688 0
1689 0
1690 0
1691 0
1913 0
1912 0
1915 0
1914 0
1917 0
1916 0
1919 0
1918 0
1905 0
1904 0
1907 0
1906 0
1909 0
1908 0
1911 0
1910 0
1896 0
1897 0
1898 0
1899 0
1900 0
1901 0
1902 0
1903 0
1888 0
1889 0
1890 0
1891 0
1892 0
1893 0
1894 0
1895 0
1883 0
1882 0
1881 0
1880 0
1887 0
1886 0
1885 0
1884 0
1875 0
1874 0
1873 0
1872 0
1879 0
1878 0
1877 0
1876 0
1866 0
1867 0
1864 0
1865 0
1870 0
1871 0
1868 0
1869 0
1858 0
1859 0
1856 0
1857 0
1862 0
1863 0
1860 0
1861 0
1853 0
1852 0
1855 0
1854 0
1849 0
1848 0
1851 0
1850 0
1845 0
1844 0
1847 0
1846 0
1841 0
1840 0
1843 0
1842 0
1836 0
1837 0
1838 0
1839 0
1832 0
1833 0
1834 0
1835 0
1828 0
1829 0
1830 0
1831 0
1824 0
1825 0
1826 0
1827 0
1823 0
1822 0
1821 0
1820 0
1819 0
1818 0
1817 0
1816 0
1815 0
1814 0
1813 0
1812 0
1811 0
1810 0
1809 0
1808 0
1806 0
1807 0
1804 0
1805 0
1802 0
1803 0
1800 0
1801 0
1798 0
1799 0
1796 0
1797 0
1794 0
1795 0
1792 0
1793 0
2032 0
2033 0
2034 0
2035 0
2036 0
2037 0
2038 0
2039 0
2040 0
2041 0
2042 0
2043 0
2044 0
2045 0
2046 0
2047 0
2017 0
2016 0
2019 0
2018 0
2021 0
2020 0
2023 0
2022 0
2025 0
2024 0
2027 0
2026 0
2029 0
2028 0
2031 0
2030 0
2002 0
2003 0
2000 0
2001 0
2006 0
2007 0
2004 0
2005 0
2010 0
2011 0
2008 0
2009 0
2014 0
2015 0
2012 0
2013 0
1987 0
1986 0
1985 0
1984 0
1991 0
1990 0
1989 0
1988 0
1995 0
1994 0
1993 0
1992 0
1999 0
1998 0
1997 0
1996 0
1972 0
1973 0
1974 0
1975 0
1968 0
1969 0
1970 0
1971 0
1980 0
1981 0
1982 0
1983 0
1976 0
1977 0
1978 0
1979 0
1957 0
1956 0
1959 0
1958 0
1953 0
1952 0
1955 0
1954 0
1965 0
1964 0
1967 0
1966 0
1961 0
1960 0
1963 0
1962 0
1942 0
1943 0
1940 0
1941 0
1938 0
1939 0
1936 0
1937 0
1950 0
1951 0
1948 0
1949 0
1946 0
1947 0
1944 0
1945 0
1927 0
1926 0
1925 0
1924 0
1923 0
1922 0
1921 0
1920 0
1935 0
1934 0
1933 0
1932 0
1931 0
1930 0
1929 0
1928 0
2200 494
2201 13
2202 5974
2203 299
2204 717
2205 169
2206 1555
2207 255
2192 0
2193 10
2194 1240
2195 615
2196 513
2197 4188
2198 6
2199 1861
2185 0
2184 0
2187 2689
2186 906
2189 194
2188 1291
2191 5066
2190 4300
2177 1436
2176 385
2179 7
2178 94
2181 1716
2180 594
2183 2528
2182 1164
2234 5108
2235 1207
2232 2520
2233 0
2238 518
2239 1597
2236 3007
2237 14
2226 65
2227 0
2224 579
2225 2778
2230 969
2231 2562
2228 640
2229 1339
2219 2624
2218 19
2217 0
2216 0
2223 902
2222 0
2221 794
2220 1428
2211 1096
2210 2550
2209 5262
2208 2141
2215 1688
2214 107
2213 0
2212 491
2268 4072
2269 1347
2270 252
2271 156
2264 193
2265 51
2266 118
2267 3889
2260 235
2261 211
2262 62
2263 103
2256 89
2257 81
2258 318
2259 1147
2253 1026
2252 71
2255 128
2254 152
2249 8918
2248 1242
2251 251
2250 0
2245 0
2244 4055
2247 735
2246 403
2241 742
2240 0
2243 2990
2242 742
2302 0
2303 130
2300 3527
2301 0
2298 5163
2299 5858
2296 490
2297 1092
2294 2793
2295 430
2292 474
2293 102
2290 349
2291 124
2288 1025
2289 29
2287 1648
2286 608
2285 9162
2284 2202
2283 612
2282 3815
2281 699
2280 320
2279 145
2278 656
2277 1897
2276 4908
2275 0
2274 0
2273 1204
2272 1005
2065 0
2064 0
2067 0
2066 0
2069 0
2068 0
2071 0
2070 0
2073 3409
2072 0
2075 0
2074 0
2077 0
2076 0
2079 0
2078 0
2048 0
2049 0
2050 0
2051 0
2052 0
2053 0
2054 0
2055 0
2056 0
2057 0
2058 0
2059 0
2060 0
2061 0
2062 0
2063 0
2099 0
2098 0
2097 0
2096 0
2103 0
2102 0
2101 0
2100 0
2107 0
2106 0
2105 0
2104 0
2111 0
2110 0
2109 0
2108 0
2082 0
2083 0
2080 0
2081 0
2086 0
2087 0
2084 0
2085 0
2090 0
2091 0
2088 0
2089 0
2094 0
2095 0
2092 0
2093 0
2133 0
2132 0
2135 0
2134 0
2129 0
2128 0
2131 0
2130 0
2141 0
2140 0
2143 0
2142 0
2137 0
2136 0
2139 0
2138 0
2116 0
2117 0
2118 0
2119 0
2112 0
2113 0
2114 0
2115 0
2124 0
2125 0
2126 0
2127 0
2120 0
2121 0
2122 0
2123 0
2167 1053
2166 59
2165 8
2164 225
2163 254
2162 3078
2161 4081
2160 2202
2175 711
2174 1088
2173 484
2172 2853
2171 1654
2170 0
2169 1331
2168 1262
2150 0
2151 0
2148 0
2149 0
2146 0
2147 0
2144 0
2145 0
2158 817
2159 3190
2156 1128
2157 492
2154 0
2155 0
2152 0
2153 0
2443 552
2442 107
2441 1373
2440 207
2447 0
2446 4751
2445 626
2444 213
2435 206
2434 452
2433 203
2432 82
2439 4
2438 1717
2437 270
2436 568
2458 0
2459 3259
2456 65
2457 972
2462 130
2463 1158
2460 676
2461 0
2450 1007
2451 1229
2448 915
2449 262
2454 1078
2455 1353
2452 5820
2453 2442
2473 1457
2472 3577
2475 338
2474 1667
2477 0
2476 3193
2479 1479
2478 0
2465 1467
2464 319
2467 366
2466 1999
2469 1508
2468 341
2471 63
2470 4
2488 511
2489 867
2490 0
2491 859
2492 1117
2493 987
2494 2564
2495 61
2480 5668
2481 0
2482 3340
2483 3195
2484 208
2485 2230
2486 14
2487 1181
2511 2411
2510 1384
2509 3414
2508 472
2507 731
2506 3491
2505 1263
2504 61
2503 2044
2502 13
2501 249
2500 364
2499 55
2498 0
2497 658
2496 3317
2526 0
2527 5388
2524 115
2525 9
2522 613
2523 74
2520 0
2521 31
2518 13
2519 16
2516 3293
2517 0
2514 811
2515 283
2512 529
2513 20
2541 676
2540 422
2543 428
2542 959
2537 1929
2536 265
2539 0
2538 1419
2533 128
2532 4118
2535 892
2534 145
2529 844
2528 636
2531 0
2530 9026
2556 6690
2557 41
2558 368
2559 190
2552 4
2553 32
2554 34
2555 8
2548 1322
2549 1180
2550 715
2551 231
2544 499
2545 988
2546 1446
2547 0
2306 935
2307 3622
2304 28
2305 1862
2310 34
2311 1787
2308 3147
2309 3413
2314 470
2315 116
2312 1618
2313 1332
2318 112
2319 340
2316 381
2317 13
2323 2648
2322 214
2321 1203
2320 3093
2327 567
2326 0
2325 1269
2324 0
2331 5309
2330 1960
2329 617
2328 490
2335 1134
2334 5181
2333 772
2332 168
2336 5714
2337 7626
2338 2095
2339 1099
2340 0
2341 1827
2342 513
2343 653
2344 79
2345 1346
2346 380
2347 113
2348 18
2349 1771
2350 1425
2351 451
2353 0
2352 4991
2355 447
2354 7023
2357 2320
2356 334
2359 2290
2358 245
2361 20
2360 260
2363 4209
2362 65
2365 0
2364 3250
2367 126
2366 100
2374 70
2375 1658
2372 526
2373 169
2370 602
2371 5057
2368 0
2369 947
2382 114
2383 1820
2380 914
2381 300
2378 629
2379 568
2376 2484
2377 1013
2391 62
2390 2975
2389 603
2388 1576
2387 2295
2386 3329
2385 45
2384 1162
2399 12
2398 3420
2397 11
2396 0
2395 4969
2394 2706
2393 1351
2392 5
2404 1670
2405 2092
2406 601
2407 7546
2400 655
2401 1893
2402 269
2403 9
2412 9
2413 1
2414 28
2415 1143
2408 317
2409 187
2410 1037
2411 4789
2421 30
2420 15
2423 439
2422 803
2417 223
2416 1268
2419 1208
2418 64
2429 0
2428 639
2431 571
2430 971
2425 368
2424 3206
2427 234
2426 932
2750 2488
2751 652
2748 456
2749 49
2746 50
2747 3552
2744 6204
2745 409
2742 393
2743 869
2740 702
2741 1485
2738 3360
2739 269
2736 870
2737 1626
2735 3656
2734 10915
2733 4714
2732 1626
2731 3954
2730 2151
2729 722
2728 3934
2727 1191
2726 140
2725 286
2724 1972
2723 0
2722 1657
2721 1182
2720 2917
2716 2243
2717 3585
2718 0
2719 4527
2712 1566
2713 391
2714 1540
2715 1820
2708 200
2709 1619
2710 3304
2711 838
2704 536
2705 3314
2706 355
2707 148
2701 710
2700 705
2703 175
2702 2058
2697 656
2696 1108
2699 1146
2698 6314
2693 13756
2692 1760
2695 1246
2694 0
2689 368
2688 4120
2691 1243
2690 0
2810 4
2811 4
2808 218
2809 1
2814 0
2815 722
2812 17
2813 1034
2802 2064
2803 1809
2800 66
2801 3034
2806 3923
2807 2776
2804 589
2805 111
2795 10558
2794 511
2793 2817
2792 3660
2799 1170
2798 76
2797 73
2796 683
2787 0
2786 3077
2785 0
2784 29
2791 242
2790 0
2789 0
2788 0
2776 4040
2777 0
2778 1749
2779 2210
2780 3036
2781 699
2782 20
2783 0
2768 4946
2769 932
2770 3278
2771 643
2772 2313
2773 0
2774 2515
2775 0
2761 469
2760 531
2763 30
2762 2626
2765 1411
2764 176
2767 2207
2766 1605
2753 0
2752 1382
2755 2076
2754 0
2757 0
2756 9518
2759 458
2758 869
2615 0
2614 1889
2613 1926
2612 1097
2611 89
2610 0
2609 425
2608 0
2623 3961
2622 780
2621 532
2620 822
2619 1091
2618 7665
2617 3850
2616 2597
2598 245
2599 1986
2596 307
2597 2898
2594 29
2595 21
2592 1263
2593 1496
2606 5088
2607 1731
2604 3
2605 730
2602 4464
2603 608
2600 2507
2601 0
2581 5230
2580 515
2583 546
2582 338
2577 65
2576 3502
2579 0
2578 325
2589 6613
2588 677
2591 2361
2590 967
2585 4417
2584 627
2587 862
2586 0
2564 0
2565 282
2566 2207
2567 1140
2560 0
2561 194
2562 1792
2563 0
2572 126
2573 74
2574 18
2575 694
2568 1920
2569 4599
2570 2061
2571 870
2675 72
2674 0
2673 10
2672 175
2679 844
2678 171
2677 2259
2676 45
2683 5962
2682 1112
2681 3
2680 38
2687 0
2686 1049
2685 0
2684 355
2658 4782
2659 1680
2656 2002
2657 76
2662 385
2663 52
2660 17
2661 8
2666 165
2667 0
2664 22
2665 335
2670 42
2671 5
2668 209
2669 29
2641 0
2640 0
2643 0
2642 67
2645 1380
2644 2273
2647 112
2646 105
2649 114
2648 31
2651 5940
2650 16
2653 887
2652 0
2655 2221
2654 27
2624 0
2625 0
2626 0
2627 1816
2628 0
2629 4133
2630 0
2631 434
2632 535
2633 85
2634 198
2635 2583
2636 1286
2637 0
2638 1141
2639 2894
2989 2278
2988 2852
2991 1961
2990 0
2985 861
2984 35
2987 0
2986 4675
2981 1887
2980 400
2983 376
2982 862
2977 871
2976 763
2979 1119
2978 1447
3004 978
3005 169
3006 4353
3007 0
3000 1236
3001 1836
3002 3792
3003 411
2996 1386
2997 635
2998 6152
2999 100
2992 2570
2993 0
2994 703
2995 30
2959 0
2958 314
2957 488
2956 26
2955 1400
2954 2648
2953 1156
2952 3975
2951 0
2950 0
2949 7956
2948 2236
2947 1816
2946 218
2945 2242
2944 15
2974 231
2975 3475
2972 256
2973 1076
2970 7305
2971 0
2968 456
2969 2463
2966 65
2967 67
2964 668
2965 4215
2962 7889
2963 406
2960 47
2961 318
3049 49
3048 1020
3051 153
3050 129
3053 58
3052 867
3055 910
3054 724
3041 58
3040 8
3043 1390
3042 625
3045 160
3044 3563
3047 331
3046 398
3064 333
3065 17
3066 7476
3067 1029
3068 1399
3069 179
3070 1112
3071 9538
3056 1736
3057 1046
3058 828
3059 4381
3060 0
3061 7105
3062 2328
3063 446
3019 476
3018 1828
3017 528
3016 0
3023 452
3022 254
3021 0
3020 1285
3011 308
3010 721
3009 214
3008 1909
3015 2944
3014 2515
3013 9756
3012 767
3034 76
3035 627
3032 589
3033 957
3038 0
3039 39
3036 751
3037 2799
3026 504
3027 4303
3024 3277
3025 1597
3030 5101
3031 731
3028 366
3029 2793
2852 0
2853 90
2854 0
2855 248
2848 20
2849 92
2850 3
2851 0
2860 5652
2861 923
2862 4087
2863 1144
2856 1422
2857 17
2858 17
2859 7791
2869 57
2868 437
2871 1033
2870 1564
2865 15585
2864 248
2867 1206
2866 1174
2877 1414
2876 2523
2879 2923
2878 1043
2873 3581
2872 3696
2875 1107
2874 3180
2822 1067
2823 2247
2820 959
2821 91
2818 28
2819 211
2816 5943
2817 1314
2830 3576
2831 5980
2828 1772
2829 1421
2826 259
2827 370
2824 0
2825 168
2839 4221
2838 1277
2837 186
2836 161
2835 178
2834 1617
2833 1014
2832 1501
2847 19
2846 10
2845 17
2844 0
2843 131
2842 1098
2841 2512
2840 0
2912 556
2913 0
2914 1870
2915 481
2916 2600
2917 0
2918 2177
2919 3101
2920 8739
2921 0
2922 10894
2923 0
2924 0
2925 712
2926 450
2927 0
2929 951
2928 43
2931 2422
2930 1461
2933 4687
2932 0
2935 102
2934 780
2937 159
2936 2339
2939 128
2938 176
2941 0
2940 1718
2943 97
2942 2133
2882 0
2883 4
2880 292
2881 64
2886 133
2887 485
2884 443
2885 39
2890 223
2891 298
2888 966
2889 223
2894 833
2895 1338
2892 519
2893 1033
2899 1866
2898 1964
2897 0
2896 2557
2903 4480
2902 1380
2901 1496
2900 0
2907 591
2906 0
2905 2299
2904 640
2911 463
2910 510
2909 181
2908 268
3284 17
3285 216
3286 1145
3287 859
3280 1309
3281 0
3282 7
3283 31
3292 413
3293 821
3294 0
3295 0
3288 3784
3289 386
3290 14
3291 1961
3269 5350
3268 8022
3271 670
3270 0
3265 75
3264 0
3267 922
3266 151
3277 51
3276 123
3279 139
3278 159
3273 26
3272 504
3275 805
3274 509
3318 812
3319 374320
3316 1171
3317 0
3314 4597
3315 723
3312 2493
3313 0
3326 0
3327 1403
3324 1202
3325 7922
3322 636
3323 180
3320 2943
3321 363
3303 0
3302 1781
3301 166
3300 3504
3299 1549
3298 399
3297 0
3296 5042
3311 98
3310 206
3309 4930
3308 13
3307 26
3306 2373
3305 4713
3304 0
3216 0
3217 182
3218 366
3219 1763
3220 0
3221 1623
3222 6485
3223 1025
3224 0
3225 2207
3226 956
3227 1772
3228 556
3229 158
3230 2021
3231 2405
3201 0
3200 0
3203 718
3202 0
3205 692
3204 622
3207 68
3206 201
3209 4807
3208 1504
3211 917
3210 3617
3213 721
3212 1305
3215 1164
3214 195
3250 377
3251 1538
3248 4302
3249 154
3254 77
3255 548
3252 2143
3253 271
3258 647
3259 3870
3256 77
3257 2496
3262 403
3263 2123
3260 511
3261 4810
3235 0
3234 2221
3233 5857
3232 2032
3239 0
3238 2977
3237 2990
3236 1804
3243 4412
3242 7542
3241 1311
3240 3985
3247 1638
3246 754
3245 875
3244 258
3165 924
3164 1270
3167 490
3166 73
3161 135
3160 2033
3163 0
3162 119
3157 1233
3156 0
3159 6210
3158 5999
3153 308
3152 3091
3155 5370
3154 0
3148 747
3149 1457
3150 608
3151 875
3144 5232
3145 0
3146 51
3147 70
3140 0
3141 99
3142 3323
3143 14
3136 1199
3137 348
3138 0
3139 3118
3199 504
3198 28
3197 1328
3196 897
3195 28
3194 470
3193 240
3192 198
3191 1244
3190 175
3189 170
3188 4802
3187 9
3186 62
3185 215
3184 130
3182 283
3183 1291
3180 101
3181 2689
3178 1423
3179 1117
3176 1513
3177 1700
3174 48
3175 117
3172 1130
3173 65
3170 802
3171 19
3168 1062
3169 1714
3097 961
3096 1801
3099 12
3098 1692
3101 40
3100 1
3103 15
3102 13
3089 29
3088 468
3091 43
3090 74
3093 3710
3092 2221
3095 765
3094 2510
3080 534
3081 370
3082 24
3083 231
3084 0
3085 79
3086 15
3087 1
3072 4281
3073 515
3074 7893
3075 3601
3076 0
3077 6737
3078 838
3079 13
3131 76
3130 1276
3129 205
3128 4377
3135 1507
3134 96
3133 2458
3132 2152
3123 212
3122 208
3121 172
3120 209
3127 871
3126 187
3125 2864
3124 62
3114 4
3115 4
3112 3
3113 2
3118 876
3119 17
3116 1
3117 36
3106 143
3107 1435
3104 136
3105 244
3110 22
3111 114
3108 24
3109 386
3527 2926
3526 550
3525 145
3524 350
3523 1172
3522 259
3521 5012
3520 568
3535 0
3534 0
3533 4289
3532 2060
3531 8519
3530 18
3529 2048
3528 2124
3542 0
3543 207
3540 252
3541 3954
3538 877
3539 1987
3536 4200
3537 219
3550 689
3551 693
3548 1214
3549 587
3546 2992
3547 0
3544 7
3545 5468
3557 0
3556 1119
3559 0
3558 2520
3553 907
3552 77
3555 91
3554 189
3565 41
3564 469
3567 1531
3566 414
3561 254
3560 52
3563 539
3562 88
3572 4522
3573 0
3574 0
3575 0
3568 420
3569 551
3570 2422
3571 0
3580 131
3581 557
3582 1350
3583 0
3576 0
3577 405
3578 0
3579 12
3459 622
3458 0
3457 1332
3456 13
3463 1138
3462 609
3461 251
3460 14
3467 0
3466 1391
3465 12
3464 499
3471 304
3470 33
3469 1625
3468 1143
3474 3368
3475 897
3472 581
3473 31
3478 7669
3479 35
3476 249
3477 1445
3482 5771
3483 7521
3480 148
3481 2629
3486 1480
3487 19
3484 1693
3485 53
3489 836
3488 28
3491 0
3490 227
3493 130
3492 450
3495 88
3494 42
3497 1528
3496 2940
3499 1035
3498 1886
3501 2410
3500 597
3503 0
3502 3564
3504 127
3505 8975
3506 0
3507 3044
3508 0
3509 0
3510 135
3511 11105
3512 0
3513 822
3514 6529
3515 31
3516 822
3517 13
3518 1044
3519 6
3406 0
3407 0
3404 580
3405 1622
3402 0
3403 421
3400 2037
3401 98
3398 5383
3399 3283
3396 880
3397 115
3394 1281
3395 1400
3392 1001
3393 746
3423 3360
3422 0
3421 607
3420 80
3419 1653
3418 2964
3417 290
3416 278
3415 0
3414 5790
3413 4510
3412 1052
3411 334
3410 799
3409 2483
3408 586
3436 2164
3437 0
3438 395
3439 549
3432 1799
3433 213
3434 0
3435 1656
3428 412
3429 58
3430 133
3431 131
3424 0
3425 0
3426 1183
3427 1725
3453 667
3452 34
3455 551
3454 164
3449 2395
3448 578
3451 214
3450 57
3445 2211
3444 322
3447 1173
3446 0
3441 93
3440 0
3443 1335
3442 243
3338 4588
3339 0
3336 1693
3337 385
3342 1334
3343 1241
3340 0
3341 73
3330 3
3331 511
3328 1561
3329 1039
3334 1125
3335 1879
3332 40
3333 716
3355 202
3354 592
3353 37
3352 278
3359 4853
3358 633
3357 599
3356 96
3347 4354
3346 377
3345 9751
3344 480
3351 757
3350 222
3349 176
3348 21
3368 2690
3369 644
3370 744
3371 2393
3372 4035
3373 1863
3374 1037
3375 883
3360 1761
3361 157
3362 2633
3363 3298
3364 1992
3365 220
3366 2019
3367 580
3385 97
3384 0
3387 3025
3386 104
3389 45
3388 277
3391 0
3390 10104
3377 0
3376 2353
3379 3625
3378 0
3381 140
3380 0
3383 7333
3382 224
3826 202
3827 24
3824 1108
3825 0
3830 148
3831 886
3828 288
3829 808
3834 1374
3835 1770
3832 148
3833 5
3838 0
3839 281
3836 5605
3837 2571
3811 1627
3810 1519
3809 3935
3808 3821
3815 121
3814 6265
3813 71
3812 112
3819 3638
3818 955
3817 6460
3816 4504
3823 61
3822 67
3821 0
3820 1682
3792 0
3793 0
3794 0
3795 0
3796 1
3797 1
3798 10
3799 0
3800 0
3801 3
3802 5
3803 12
3804 1
3805 11
3806 27
3807 6
3777 5
3776 4
3779 2
3778 19
3781 33
3780 2
3783 57
3782 53
3785 0
3784 48
3787 0
3786 0
3789 1
3788 0
3791 0
3790 0
3766 3
3767 11
3764 6
3765 9
3762 0
3763 1
3760 0
3761 5
3774 0
3775 0
3772 5
3773 2
3770 0
3771 12
3768 4
3769 6
3751 3
3750 0
3749 0
3748 13
3747 0
3746 38
3745 6
3744 0
3759 6
3758 8
3757 16
3756 9
3755 3
3754 6
3753 8
3752 7
3732 2
3733 0
3734 1
3735 13
3728 5
3729 2
3730 3
3731 14
3740 0
3741 0
3742 0
3743 19
3736 2
3737 0
3738 2
3739 1
3717 4
3716 6
3719 0
3718 0
3713 0
3712 0
3715 0
3714 2
3725 1
3724 6
3727 7
3726 10
3721 3
3720 2
3723 10
3722 0
3707 2
3706 2
3705 4
3704 0
3711 1
3710 0
3709 2
3708 5
3699 52
3698 176
3697 78
3696 30
3703 59
3702 112
3701 0
3700 108
3690 1481
3691 0
3688 6562
3689 548
3694 1930
3695 1387
3692 305
3693 105
3682 1851
3683 982
3680 0
3681 146
3686 5101
3687 0
3684 986
3685 4501
3673 1306
3672 341
3675 13581
3674 0
3677 368
3676 0
3679 3091
3678 0
3665 5134
3664 2012
3667 680
3666 3024
3669 752
3668 1208
3671 1102
3670 40
3656 9231
3657 45571
3658 182
3659 727
3660 895
3661 233
3662 87
3663 78
3648 5946
3649 4220
3650 1351
3651 0
3652 70
3653 964
3654 2519
3655 623
3647 57
3646 822
3645 1196
3644 988
3643 349
3642 1791
3641 1485
3640 872
3639 449
3638 546
3637 594
3636 2410
3635 1445
3634 376
3633 67
3632 227
3630 1286
3631 1864
3628 186
3629 2636
3626 2223
3627 0
3624 0
3625 33
3622 6471
3623 624
3620 3458
3621 0
3618 0
3619 4257
3616 91
3617 3448
3613 360
3612 469
3615 1202
3614 2749
3609 34
3608 2131
3611 6654
3610 1917
3605 2768
3604 212
3607 0
3606 244
3601 292
3600 36
3603 148
3602 4723
3596 996
3597 27
3598 98
3599 129
3592 0
3593 4574
3594 98
3595 1229
3588 0
3589 3197
3590 1538
3591 5286
3584 62
3585 1595
3586 0
3587 1700
4065 2534
4064 0
4067 530
4066 1393
4069 359
4068 2512
4071 7261
4070 6657
4073 3580
4072 1768
4075 1070
4074 0
4077 434
4076 51
4079 897
4078 405
4080 1657
4081 8083
4082 0
4083 1951
4084 97
4085 5515
4086 316
4087 57
4088 2044
4089 940
4090 851
4091 0
4092 0
4093 304
4094 248
4095 501
4035 110
4034 210
4033 0
4032 2
4039 1421
4038 2799
4037 1287
4036 236
4043 38
4042 249
4041 753
4040 325
4047 1331
4046 476
4045 9987
4044 738
4050 931
4051 0
4048 0
4049 574
4054 0
4055 0
4052 425
4053 0
4058 0
4059 3924
4056 0
4057 0
4062 972
4063 2168
4060 1380
4061 760
4005 4210
4004 1013
4007 0
4006 1084
4001 0
4000 108
4003 1264
4002 42
4013 843
4012 440
4015 2984
4014 650
4009 426
4008 2234
4011 4872
4010 883
4020 1
4021 86
4022 6
4023 418
4016 252
4017 893
4018 24
4019 1677
4028 1
4029 4
4030 323
4031 36
4024 170
4025 6
4026 21
4027 0
3975 4486
3974 385
3973 2589
3972 0
3971 0
3970 0
3969 0
3968 0
3983 19
3982 0
3981 6103
3980 0
3979 1542
3978 273
3977 0
3976 0
3990 0
3991 7552
3988 2465
3989 445
3986 113
3987 3456
3984 2113
3985 2308
3998 661
3999 828
3996 199
3997 4
3994 278
3995 42
3992 36
3993 1063
3944 1084
3945 0
3946 28
3947 3607
3948 126
3949 2345
3950 790
3951 3490
3936 7526
3937 479
3938 1645
3939 1549
3940 2608
3941 1354
3942 2357
3943 1167
3961 0
3960 7044
3963 0
3962 0
3965 0
3964 0
3967 6078
3966 0
3953 1252
3952 111
3955 2515
3954 2739
3957 4409
3956 187
3959 100
3958 1799
3914 15
3915 28576
3912 192
3913 142
3918 0
3919 117
3916 6665
3917 1770
3906 1094
3907 4486
3904 3831
3905 3661
3910 1299
3911 0
3908 9293
3909 7
3931 3222
3930 7533
3929 1571
3928 112
3935 222
3934 2493
3933 91
3932 3574
3923 3168
3922 2052
3921 502
3920 457
3927 136
3926 1215
3925 1053
3924 4485
3884 0
3885 3315
3886 0
3887 326
3880 1548
3881 1347
3882 219
3883 468
3876 0
3877 448
3878 1364
3879 50
3872 2790
3873 4821
3874 2553
3875 1134
3901 1637
3900 337
3903 3054
3902 1876
3897 236
3896 3025
3899 2344
3898 1614
3893 0
3892 3084
3895 338
3894 1128
3889 774
3888 4366
3891 473
3890 6030
3854 2043
3855 77
3852 2533
3853 2832
3850 1817
3851 193
3848 273
3849 1523
3846 195
3847 30
3844 7315
3845 1511
3842 716
3843 160
3840 0
3841 736
3871 1282
3870 819
3869 219
3868 0
3867 0
3866 5000
3865 0
3864 2960
3863 324
3862 526
3861 456
3860 6528
3859 2044
3858 1474
3857 2796
3856 0
4400 1770
4401 695
4402 3091
4403 0
4404 4849
4405 0
4406 739
4407 53
4408 637
4409 412
4410 1379
4411 141
4412 0
4413 10
4414 4542
4415 205
4385 281
4384 0
4387 5649
4386 1317
4389 1289
4388 87
4391 6356
4390 234
4393 1308
4392 2542
4395 2138
4394 649
4397 12
4396 29
4399 1345
4398 1453
4370 106
4371 2687
4368 14153
4369 1298
4374 93
4375 1452
4372 2219
4373 1449
4378 793
4379 769
4376 1069
4377 1102
4382 244
4383 844
4380 22
4381 8024
4355 0
4354 0
4353 6
4352 1185
4359 0
4358 29
4357 689
4356 1975
4363 1529
4362 0
4361 0
4360 419
4367 48
4366 2478
4365 0
4364 1697
4468 570
4469 8473
4470 0
4471 0
4464 0
4465 0
4466 3391
4467 0
4476 451
4477 19
4478 522
4479 1691
4472 122
4473 289
4474 1441
4475 176
4453 2112
4452 0
4455 2509
4454 1709
4449 46
4448 30
4451 0
4450 3173
4461 413
4460 0
4463 5270
4462 1631
4457 0
4456 2674
4459 0
4458 0
4438 7105
4439 0
4436 1075
4437 0
4434 1114
4435 274
4432 0
4433 440
4446 120
4447 1
4444 506
4445 204
4442 2574
4443 0
4440 2275
4441 4364
4423 2364
4422 101
4421 0
4420 1946
4419 0
4418 3272
4417 14
4416 1325
4431 11081
4430 2167
4429 1122
4428 285
4427 3453
4426 0
4425 6494
4424 0
4537 880
4536 1397
4539 534
4538 688
4541 3406
4540 8026
4543 1398
4542 0
4529 152
4528 315
4531 2095
4530 1468
4533 244
4532 23
4535 5779
4534 891
4520 6336
4521 2932
4522 838
4523 5711
4524 190
4525 817
4526 497
4527 431
4512 1613
4513 305
4514 2862
4515 0
4516 3940
4517 100
4518 3603
4519 3346
4507 1301
4506 0
4505 0
4504 2781
4511 0
4510 942
4509 0
4508 3152
4499 575
4498 1168
4497 2196
4496 241
4503 77
4502 50
4501 53
4500 120
4490 1581
4491 6050
4488 371
4489 4676
4494 0
4495 678
4492 0
4493 0
4482 0
4483 190
4480 2112
4481 2411
4486 842
4487 5134
4484 2797
4485 0
4605 0
4604 228
4607 551
4606 2752
4601 2863
4600 268
4603 5590
4602 53
4597 0
4596 4959
4599 300
4598 456
4593 1062
4592 1088
4595 1619
4594 150
4588 317
4589 1808
4590 266
4591 699
4584 2451
4585 0
4586 57
4587 2726
4580 224
4581 7262
4582 7583
4583 0
4576 3022
4577 0
4578 706
4579 1169
4575 0
4574 4114
4573 877
4572 1455
4571 2149
4570 318
4569 1314
4568 732
4567 416
4566 0
4565 2333
4564 5252
4563 69
4562 138
4561 0
4560 3400
4558 11
4559 147
4556 1479
4557 0
4554 90
4555 1196
4552 391
4553 264
4550 825
4551 1522
4548 355
4549 100
4546 1918
4547 194
4544 0
4545 47
4131 3298
4130 173
4129 1824
4128 2622
4135 909
4134 536
4133 1261
4132 2505
4139 1040
4138 0
4137 594
4136 3752
4143 3935
4142 1689
4141 888
4140 425
4146 230
4147 494
4144 3672
4145 981
4150 0
4151 2528
4148 1277
4149 4738
4154 2464
4155 5112
4152 487
4153 1543
4158 4960
4159 0
4156 1673
4157 691
4097 756
4096 550
4099 0
4098 3765
4101 2183
4100 0
4103 789
4102 214
4105 262
4104 396
4107 193
4106 921
4109 2
4108 5762
4111 66
4110 1
4112 279
4113 38
4114 0
4115 22
4116 2
4117 142
4118 78
4119 29
4120 107
4121 716
4122 0
4123 56
4124 1391
4125 0
4126 0
4127 369
4199 1488
4198 0
4197 0
4196 0
4195 19
4194 0
4193 4
4192 0
4207 674
4206 89
4205 387
4204 0
4203 13
4202 0
4201 0
4200 0
4214 15
4215 100
4212 536
4213 34
4210 371
4211 283
4208 353
4209 0
4222 113
4223 137
4220 845
4221 121
4218 251
4219 873
4216 21
4217 784
4165 3029
4164 217
4167 3288
4166 513
4161 117
4160 180
4163 430
4162 4632
4173 299
4172 3015
4175 0
4174 2169
4169 0
4168 17727
4171 3226
4170 248
4180 0
4181 0
4182 0
4183 0
4176 117
4177 266
4178 0
4179 873
4188 0
4189 0
4190 0
4191 374
4184 446
4185 29
4186 392
4187 843
4266 3168
4267 376
4264 0
4265 1276
4270 9270
4271 1985
4268 4987
4269 6718
4258 0
4259 2983
4256 369
4257 161
4262 1294
4263 2500
4260 3103
4261 3175
4283 747
4282 0
4281 4120
4280 0
4287 52
4286 10
4285 0
4284 3495
4275 1060
4274 600
4273 169
4272 195
4279 2578
4278 2266
4277 147
4276 0
4232 776
4233 976
4234 1893
4235 373
4236 1309
4237 5274
4238 131
4239 0
4224 196
4225 199
4226 71
4227 201
4228 0
4229 205
4230 11
4231 1931
4249 187
4248 9208
4251 10
4250 848
4253 4690
4252 332
4255 298
4254 1
4241 1606
4240 3057
4243 53
4242 671
4245 528
4244 0
4247 52
4246 38
4334 0
4335 109
4332 1377
4333 520
4330 1104
4331 1585
4328 374
4329 5722
4326 155
4327 251
4324 2166
4325 342
4322 3687
4323 161
4320 47
4321 3121
4351 3023
4350 1456
4349 365
4348 228
4347 1125
4346 478
4345 1914
4344 380
4343 916
4342 449
4341 0
4340 434
4339 197
4338 73
4337 1449
4336 469
4300 1587
4301 0
4302 1514
4303 63
4296 1253
4297 6198
4298 307
4299 1175
4292 2757
4293 44
4294 60
4295 535
4288 437
4289 2875
4290 610
4291 1299
4317 633
4316 1021
4319 75
4318 48
4313 260
4312 429
4315 4537
4314 1547
4309 908
4308 2720
4311 1979
4310 2408
4305 420
4304 26
4307 1223
4306 614
4886 0
4887 0
4884 0
4885 503
4882 268
4883 0
4880 5
4881 27
4894 1174
4895 1392
4892 2506
4893 14
4890 428
4891 3728
4888 383
4889 268
4871 579
4870 1196
4869 717
4868 350
4867 411
4866 1098
4865 0
4864 1049
4879 16
4878 57
4877 0
4876 273
4875 0
4874 125
4873 141
4872 0
4916 4917
4917 0
4918 32
4919 3150
4912 0
4913 88
4914 1773
4915 751
4924 1880
4925 893
4926 2163
4927 5480
4920 0
4921 0
4922 197
4923 4041
4901 0
4900 3127
4903 2518
4902 1454
4897 1270
4896 1157
4899 2373
4898 212
4909 1192
4908 898
4911 5444
4910 50
4905 257
4904 115
4907 533
4906 3083
4946 140
4947 391
4944 726
4945 2888
4950 265
4951 3950
4948 7169
4949 0
4954 492
4955 1423
4952 294
4953 282
4958 25
4959 43
4956 249
4957 276
4931 3794
4930 714
4929 15
4928 0
4935 7006
4934 330
4933 5602
4932 432
4939 0
4938 1811
4937 961
4936 1474
4943 7637
4942 103
4941 1173
4940 934
4976 643
4977 209
4978 0
4979 0
4980 657
4981 460
4982 1805
4983 3283
4984 2261
4985 1570
4986 1696
4987 353
4988 2447
4989 114
4990 1035
4991 1711
4961 155
4960 6
4963 0
4962 824
4965 899
4964 811
4967 441
4966 1678
4969 4043
4968 2135
4971 251
4970 452
4973 1620
4972 632
4975 147
4974 3770
5023 1440
5022 0
5021 0
5020 0
5019 3
5018 0
5017 3
5016 0
5015 1
5014 0
5013 0
5012 2
5011 10
5010 26
5009 3968
5008 0
5006 10787
5007 11389
5004 4590
5005 120
5002 1196
5003 3130
5000 329
5001 1556
4998 3125
4999 832
4996 16
4997 143
4994 113
4995 113
4992 1384
4993 2353
5053 11413
5052 0
5055 13
5054 0
5049 331
5048 461
5051 0
5050 14
5045 36
5044 116
5047 4391
5046 15
5041 173
5040 604
5043 15
5042 292
5036 1442
5037 263
5038 0
5039 233
5032 3059
5033 0
5034 2
5035 758
5028 0
5029 0
5030 0
5031 328
5024 0
5025 7
5026 0
5027 0
5083 0
5082 9130
5081 108
5080 15
5087 35
5086 3527
5085 4451
5084 6538
5075 1008
5074 2219
5073 2
5072 2
5079 949
5078 6320
5077 1480
5076 0
5066 957
5067 0
5064 4684
5065 792
5070 10
5071 2
5068 7074
5069 1031
5058 0
5059 2817
5056 4
5057 0
5062 1581
5063 11124
5060 8492
5061 16830
5113 13
5112 0
5115 10
5114 0
5117 12
5116 0
5119 10
5118 0
5105 9
5104 0
5107 7
5106 0
5109 19
5108 0
5111 10
5110 0
5096 0
5097 9
5098 0
5099 1
5100 0
5101 7
5102 0
5103 2
5088 1608
5089 7258
5090 8
5091 163
5092 3506
5093 0
5094 0
5095 7
4613 5192
4612 12
4615 2846
4614 532
4609 45
4608 365
4611 1316
4610 1927
4621 823
4620 179
4623 0
4622 6204
4617 149
4616 0
4619 5226
4618 1557
4628 1979
4629 0
4630 596
4631 859
4624 242
4625 92
4626 4
4627 207
4636 2554
4637 2137
4638 0
4639 442
4632 0
4633 384
4634 2238
4635 493
4647 4213
4646 1748
4645 0
4644 7313
4643 2011
4642 735
4641 486
4640 873
4655 408
4654 5347
4653 2046
4652 4299
4651 158
4650 0
4649 717
4648 2192
4662 569
4663 29
4660 3940
4661 1148
4658 1794
4659 1558
4656 1072
4657 430
4670 288
4671 6
4668 18
4669 209
4666 1245
4667 1047
4664 0
4665 7753
4673 304
4672 1398
4675 1203
4674 587
4677 0
4676 1273
4679 10061
4678 10716
4681 2742
4680 489
4683 2231
4682 0
4685 794
4684 0
4687 7
4686 5929
4688 4050
4689 2657
4690 3395
4691 6130
4692 0
4693 11601
4694 0
4695 170
4696 1777
4697 25
4698 7627
4699 0
4700 1537
4701 1466
4702 0
4703 0
4707 2150
4706 2358
4705 3164
4704 4471
4711 195
4710 581
4709 1286
4708 4970
4715 122
4714 163
4713 509
4712 233
4719 0
4718 1459
4717 773
4716 1555
4722 3073
4723 1328
4720 30
4721 387
4726 1103
4727 4106
4724 2317
4725 3321
4730 6137
4731 4684
4728 904
4729 26
4734 3957
4735 3296
4732 0
4733 8
4748 890
4749 3628
4750 605
4751 3682
4744 0
4745 2063
4746 192
4747 2194
4740 4326
4741 4255
4742 1528
4743 2933
4736 3234
4737 389
4738 1021
4739 3489
4765 3604
4764 1801
4767 97
4766 749
4761 2215
4760 0
4763 43
4762 320
4757 0
4756 3301
4759 4131
4758 1339
4753 66
4752 5306
4755 260
4754 235
4782 4515
4783 1349
4780 6173
4781 143
4778 2259
4779 1133
4776 1505
4777 505
4774 3101
4775 0
4772 946
4773 234
4770 1342
4771 1462
4768 973
4769 4808
4799 490
4798 0
4797 1664
4796 680
4795 0
4794 1558
4793 77
4792 0
4791 531
4790 549
4789 2384
4788 0
4787 0
4786 10271
4785 1479
4784 463
4808 2528
4809 98
4810 526
4811 11
4812 1358
4813 213
4814 10797
4815 0
4800 5649
4801 164
4802 0
4803 438
4804 110
4805 4247
4806 9
4807 2
4825 122
4824 109
4827 18
4826 125
4829 17
4828 249
4831 65
4830 67
4817 5350
4816 171
4819 69
4818 7083
4821 65
4820 35
4823 124
4822 385
4842 69
4843 175
4840 14
4841 172
4846 7
4847 21
4844 33
4845 448
4834 55
4835 39
4832 51
4833 306
4838 68
4839 38
4836 72
4837 33
4859 1008
4858 103
4857 698
4856 1601
4863 0
4862 435
4861 24
4860 1554
4851 450
4850 4891
4849 1329
4848 2334
4855 462
4854 0
4853 94
4852 41
5500 525
5501 1929
5502 157
5503 117
5496 6900
5497 1107
5498 30
5499 2304
5492 3329
5493 2687
5494 0
5495 0
5488 524
5489 1647
5490 0
5491 5076
5485 2634
5484 702
5487 365
5486 632
5481 813
5480 432
5483 960
5482 5096
5477 1363
5476 3833
5479 968
5478 2012
5473 2381
5472 4257
5475 1937
5474 668
5470 8
5471 1288
5468 96
5469 155
5466 639
5467 1526
5464 362
5465 0
5462 261
5463 32
5460 275
5461 66
5458 84
5459 89
5456 86
5457 22
5455 171
5454 541
5453 0
5452 277
5451 0
5450 0
5449 0
5448 0
5447 368
5446 0
5445 2342
5444 623
5443 1893
5442 3554
5441 574
5440 893
5432 0
5433 473
5434 195
5435 801
5436 10
5437 154
5438 7082
5439 978
5424 2131
5425 1012
5426 1826
5427 4527
5428 2265
5429 280
5430 784
5431 1193
5417 1057
5416 1233
5419 1657
5418 2247
5421 352
5420 4257
5423 3284
5422 647
5409 0
5408 3493
5411 1169
5410 0
5413 5033
5412 2920
5415 0
5414 3662
5402 22
5403 0
5400 0
5401 0
5406 1621
5407 218
5404 0
5405 583
5394 45
5395 0
5392 0
5393 0
5398 53
5399 0
5396 0
5397 0
5387 473
5386 318
5385 3
5384 2353
5391 0
5390 4
5389 371
5388 3
5379 183
5378 0
5377 777
5376 0
5383 0
5382 3774
5381 707
5380 354
5621 0
5620 1011
5623 0
5622 4131
5617 18
5616 63
5619 7381
5618 233
5629 77
5628 137
5631 28
5630 14
5625 43
5624 0
5627 40
5626 56
5604 0
5605 1530
5606 3968
5607 0
5600 23
5601 230
5602 677
5603 2911
5612 877
5613 848
5614 149
5615 15
5608 5059
5609 2
5610 56
5611 2528
5591 5349
5590 2940
5589 0
5588 4747
5587 1215
5586 314
5585 5312
5584 6978
5599 0
5598 0
5597 5861
5596 5878
5595 729
5594 0
5593 3674
5592 6340
5574 1035
5575 3501
5572 430
5573 483
5570 1226
5571 2200
5568 3165
5569 7470
5582 3578
5583 443
5580 3476
5581 148
5578 1333
5579 2818
5576 1690
5577 1466
5553 1488
5552 1944
5555 2083
5554 2915
5557 283
5556 1752
5559 1080
5558 427
5561 0
5560 0
5563 1356
5562 938
5565 0
5564 3426
5567 712
5566 2374
5536 7539
5537 946
5538 6929
5539 0
5540 1056
5541 801
5542 3261
5543 277
5544 0
5545 1086
5546 5
5547 961
5548 101
5549 0
5550 1522
5551 3113
5523 56
5522 3
5521 69
5520 0
5527 0
5526 0
5525 5374
5524 4180
5531 347
5530 0
5529 312
5528 110
5535 78
5534 251
5533 1188
5532 290
5506 286
5507 3115
5504 1647
5505 112
5510 4072
5511 8462
5508 5750
5509 770
5514 0
5515 3344
5512 3115
5513 122
5518 325
5519 422866
5516 6259
5517 970
5231 0
5230 2
5229 0
5228 0
5227 0
5226 19
5225 0
5224 10
5223 1296
5222 2055
5221 4397
5220 19
5219 0
5218 1724
5217 13530
5216 0
5246 1
5247 1
5244 2
5245 1
5242 2
5243 1
5240 5
5241 1
5238 0
5239 0
5236 19133
5237 0
5234 6
5235 0
5232 27
5233 0
5197 15
5196 0
5199 18
5198 0
5193 13
5192 0
5195 15
5194 0
5189 12
5188 0
5191 14
5190 0
5185 14
5184 0
5187 11
5186 0
5212 0
5213 0
5214 0
5215 7314
5208 0
5209 0
5210 0
5211 1
5204 0
5205 86
5206 0
5207 1
5200 0
5201 20
5202 0
5203 45
5163 15
5162 0
5161 17
5160 0
5167 11
5166 0
5165 13
5164 0
5155 12
5154 0
5153 11
5152 0
5159 16
5158 0
5157 18
5156 0
5178 0
5179 16
5176 0
5177 14
5182 0
5183 10
5180 0
5181 16
5170 0
5171 13
5168 0
5169 20
5174 0
5175 18
5172 0
5173 9
5129 10
5128 0
5131 13
5130 0
5133 9
5132 0
5135 8
5134 0
5121 10
5120 0
5123 10
5122 0
5125 20
5124 0
5127 7
5126 0
5144 0
5145 22
5146 0
5147 13
5148 0
5149 17
5150 0
5151 16
5136 0
5137 19
5138 0
5139 18
5140 0
5141 9
5142 0
5143 16
5350 4789
5351 2527
5348 1256
5349 2967
5346 8988
5347 0
5344 38762
5345 0
5358 0
5359 0
5356 0
5357 9416
5354 2110
5355 19684
5352 0
5353 6561
5367 27
5366 1135
5365 479
5364 76
5363 2315
5362 4645
5361 1
5360 0
5375 2194
5374 445
5373 1704
5372 291
5371 49
5370 380
5369 1017
5368 792
5316 1
5317 0
5318 0
5319 0
5312 4
5313 0
5314 2
5315 0
5324 1
5325 0
5326 4
5327 0
5320 5
5321 0
5322 3
5323 0
5333 0
5332 6
5335 0
5334 36
5329 0
5328 0
5331 0
5330 11
5341 5027
5340 6106
5343 4758
5342 8195
5337 1800
5336 4
5339 153
5338 9
5282 0
5283 28
5280 139
5281 32
5286 2331
5287 51
5284 0
5285 246
5290 0
5291 0
5288 0
5289 0
5294 0
5295 49
5292 0
5293 0
5299 29
5298 0
5297 104
5296 0
5303 0
5302 6
5301 0
5300 6
5307 0
5306 13
5305 0
5304 4
5311 0
5310 4
5309 0
5308 2
5248 1
5249 2
5250 1
5251 2
5252 1
5253 2
5254 3
5255 3
5256 1
5257 1
5258 4
5259 3
5260 2
5261 5
5262 5
5263 5
5265 4
5264 3
5267 10129
5266 122
5269 0
5268 4584
5271 103
5270 10904
5273 8
5272 105
5275 0
5274 0
5277 154
5276 16
5279 0
5278 0
5978 2738
5979 614
5976 256
5977 1419
5982 0
5983 0
5980 0
5981 5840
5970 597
5971 0
5968 0
5969 2121
5974 630
5975 1033
5972 2376
5973 2670
5963 157
5962 100
5961 180
5960 148
5967 821
5966 8
5965 159
5964 341
5955 77
5954 54
5953 20
5952 27
5959 3
5958 151
5957 6
5956 105
6008 2546
6009 1266
6010 293
6011 203
6012 315
6013 2956
6014 1774
6015 1750
6000 414
6001 5577
6002 5119
6003 0
6004 3226
6005 3559
6006 1144
6007 708
5993 8
5992 2758
5995 0
5994 0
5997 460
5996 0
5999 172
5998 4623
5985 0
5984 2507
5987 2775
5986 0
5989 214
5988 45
5991 13386
5990 194
5918 285
5919 82
5916 39
5917 268
5914 0
5915 148
5912 185
5913 302
5910 310
5911 14
5908 6528
5909 812
5906 918
5907 6078
5904 3900
5905 1712
5903 19
5902 615
5901 1162
5900 1444
5899 2592
5898 6947
5897 20
5896 734
5895 0
5894 242
5893 7
5892 22
5891 0
5890 36
5889 124
5888 365
5948 269
5949 0
5950 85
5951 157
5944 257
5945 0
5946 19
5947 0
5940 0
5941 83
5942 71
5943 3
5936 157
5937 120
5938 316
5939 0
5933 0
5932 99
5935 83
5934 0
5929 205
5928 7
5931 0
5930 0
5925 1
5924 32
5927 0
5926 228
5921 1
5920 172
5923 0
5922 94
6099 444
6098 403
6097 179
6096 0
6103 1
6102 284
6101 140
6100 2817
6107 0
6106 0
6105 30
6104 232
6111 30
6110 43
6109 473
6108 0
6082 2020
6083 5024
6080 163
6081 2086
6086 216
6087 551
6084 3041
6085 7198
6090 2634
6091 1121
6088 0
6089 0
6094 1265
6095 956
6092 1318
6093 314
6129 18
6128 0
6131 0
6130 551
6133 0
6132 0
6135 0
6134 0
6137 1329
6136 0
6139 42
6138 83
6141 1319
6140 2313
6143 0
6142 7545
6112 1795
6113 401
6114 705
6115 1121
6116 904
6117 94
6118 1101
6119 1150
6120 199
6121 0
6122 217
6123 0
6124 802
6125 439
6126 695
6127 33
6039 2370
6038 1023
6037 0
6036 1399
6035 4438
6034 207
6033 0
6032 289
6047 313
6046 100
6045 59
6044 429
6043 199
6042 446
6041 797
6040 2511
6022 2536
6023 0
6020 89
6021 917
6018 768
6019 136
6016 121
6017 0
6030 1274
6031 9
6028 1045
6029 198
6026 6
6027 455
6024 1290
6025 715
6069 5817
6068 210
6071 0
6070 690
6065 994
6064 2526
6067 689
6066 200
6077 3052
6076 295
6079 1114
6078 695
6073 99
6072 1667
6075 1331
6074 175
6052 7765
6053 1648
6054 127
6055 138
6048 586
6049 100
6050 1035
6051 189
6060 0
6061 10
6062 127
6063 7
6056 5222
6057 61
6058 1666
6059 0
5705 1613
5704 3445
5707 3862
5706 18
5709 192
5708 742
5711 4452
5710 1958
5697 17
5696 0
5699 9
5698 1234
5701 4644
5700 81
5703 3644
5702 1221
5720 74
5721 0
5722 2204
5723 1748
5724 0
5725 3160
5726 408
5727 2244
5712 466
5713 81
5714 693
5715 6523
5716 6559
5717 1159
5718 557
5719 4931
5739 3320
5738 0
5737 276
5736 1415
5743 1059
5742 342
5741 364
5740 0
5731 3675
5730 333
5729 1888
5728 1125
5735 280
5734 3804
5733 1538
5732 3
5754 193
5755 731
5752 7595
5753 7706
5758 663
5759 820
5756 213
5757 27
5746 148
5747 1602
5744 0
5745 3842
5750 1435
5751 1289
5748 1455
5749 1576
5645 483
5644 10
5647 405
5646 1568
5641 0
5640 0
5643 0
5642 7874
5637 361
5636 87
5639 1861
5638 238
5633 29
5632 85
5635 62
5634 45
5660 164
5661 1978
5662 0
5663 9451
5656 2494
5657 2319
5658 187
5659 283
5652 2276
5653 1190
5654 137
5655 615
5648 3602
5649 123
5650 922
5651 1854
5679 3043
5678 973
5677 89
5676 1034
5675 25
5674 1977
5673 325
5672 2367
5671 562
5670 592
5669 10
5668 3316
5667 189
5666 63
5665 0
5664 2871
5694 1663
5695 4845
5692 1020
5693 3159
5690 0
5691 410
5688 0
5689 2642
5686 4523
5687 1671
5684 4955
5685 4202
5682 617
5683 1222
5680 439
5681 67
5824 219
5825 8255
5826 262
5827 2524
5828 6161
5829 401
5830 738
5831 1457
5832 973
5833 4124
5834 3529
5835 713
5836 213
5837 9605
5838 0
5839 749
5841 3922
5840 1022
5843 2572
5842 1111
5845 1583
5844 2376
5847 3270
5846 3245
5849 304
5848 0
5851 2577
5850 1344
5853 952
5852 2864
5855 1148
5854 225
5858 1278
5859 1699
5856 4192
5857 610
5862 0
5863 0
5860 125
5861 14107
5866 0
5867 608
5864 0
5865 5002
5870 0
5871 143
5868 0
5869 468
5875 272
5874 460
5873 1535
5872 0
5879 0
5878 2
5877 1
5876 0
5883 18
5882 0
5881 50
5880 12
5887 9
5886 34
5885 14
5884 41
5764 1242
5765 94
5766 0
5767 2034
5760 24
5761 55
5762 2351
5763 999
5772 550
5773 245
5774 98
5775 207
5768 105
5769 2452
5770 644
5771 2408
5781 2058
5780 3764
5783 801
5782 181
5777 612
5776 463
5779 784
5778 7459
5789 1767
5788 121
5791 7186
5790 0
5785 503
5784 2206
5787 1638
5786 3115
5798 2940
5799 3441
5796 0
5797 83
5794 1245
5795 268
5792 5041
5793 0
5806 1959
5807 1534
5804 2465
5805 1920
5802 2462
5803 2000
5800 0
5801 2126
5815 0
5814 1644
5813 1628
5812 0
5811 5521
5810 36
5809 756
5808 5353
5823 174
5822 1807
5821 294
5820 657
5819 687
5818 1062
5817 808
5816 3664
6568 3
6569 2
6570 2
6571 2
6572 6
6573 3
6574 7
6575 7
6560 2865
6561 866
6562 181
6563 3842
6564 3481
6565 109
6566 379
6567 201
6585 612
6584 3039
6587 620
6586 246
6589 52
6588 0
6591 898
6590 2860
6577 5
6576 7
6579 3024
6578 16
6581 746
6580 691
6583 2348
6582 1901
6538 276
6539 473
6536 2035
6537 0
6542 1426
6543 5070
6540 0
6541 0
6530 2700
6531 963
6528 279
6529 499
6534 30
6535 61
6532 1902
6533 701
6555 691
6554 0
6553 35
6552 1347
6559 678
6558 0
6557 4400
6556 0
6547 1003
6546 1563
6545 25
6544 5919
6551 771
6550 1658
6549 8579
6548 646
6636 661
6637 3183
6638 2070
6639 24
6632 1496
6633 253
6634 7907
6635 6568
6628 0
6629 1245
6630 309
6631 2201
6624 4196
6625 827
6626 3555
6627 0
6653 1452
6652 1851
6655 1939
6654 2343
6649 262
6648 541
6651 705
6650 1697
6645 132
6644 256
6647 250
6646 451
6641 60
6640 1155
6643 159
6642 30
6606 1893
6607 1624
6604 5053
6605 7
6602 0
6603 847
6600 0
6601 2434
6598 9595
6599 0
6596 1633
6597 1218
6594 2390
6595 495
6592 0
6593 1259
6623 3240
6622 1419
6621 6870
6620 51
6619 744
6618 520
6617 59
6616 1385
6615 960
6614 4966
6613 591
6612 2253
6611 1394
6610 5237
6609 87
6608 1050
6433 0
6432 1925
6435 453
6434 6592
6437 5111
6436 88
6439 1890
6438 851
6441 55
6440 0
6443 277
6442 7799
6445 0
6444 5253
6447 3138
6446 0
6448 681
6449 50
6450 271
6451 3484
6452 1780
6453 0
6454 1957
6455 4287
6456 323
6457 1854
6458 1128
6459 0
6460 1006
6461 0
6462 2099
6463 658
6403 300
6402 133
6401 0
6400 1353
6407 11
6406 1322
6405 191
6404 171
6411 0
6410 1749
6409 1860
6408 841
6415 2431
6414 714
6413 827
6412 0
6418 5096
6419 704
6416 874
6417 174
6422 31
6423 14338
6420 222
6421 765
6426 883
6427 3197
6424 0
6425 960
6430 3357
6431 3473
6428 1343
6429 3538
6501 6
6500 780
6503 2077
6502 260
6497 1225
6496 1087
6499 412
6498 2360
6509 1051
6508 865
6511 1270
6510 1376
6505 1430
6504 190
6507 506
6506 2167
6516 0
6517 149
6518 120
6519 1646
6512 1921
6513 951
6514 2293
6515 1595
6524 3037
6525 946
6526 0
6527 0
6520 62
6521 2369
6522 1598
6523 0
6471 699
6470 172
6469 1007
6468 844
6467 0
6466 325
6465 0
6464 0
6479 0
6478 2915
6477 30
6476 557
6475 610
6474 0
6473 6410
6472 166
6486 4186
6487 400
6484 508
6485 1050
6482 4314
6483 1800
6480 1452
6481 2215
6494 31
6495 153
6492 736
6493 1688
6490 0
6491 912
6488 28
6489 2325
6331 0
6330 3808
6329 6069
6328 706
6335 2131
6334 6387
6333 20
6332 1371
6323 1
6322 174
6321 204
6320 186
6327 492
6326 560
6325 335
6324 26
6314 0
6315 397
6312 215
6313 0
6318 55
6319 0
6316 391
6317 45
6306 8
6307 87
6304 6526
6305 7
6310 64
6311 8
6308 1305
6309 48
6297 58
6296 1123
6299 2379
6298 2503
6301 0
6300 5883
6303 0
6302 0
6289 0
6288 1794
6291 6387
6290 477
6293 1454
6292 158
6295 9241
6294 88
6280 724
6281 3
6282 709
6283 7578
6284 946
6285 0
6286 670
6287 2093
6272 5110
6273 0
6274 4203
6275 501
6276 1430
6277 290
6278 365
6279 8
6399 246
6398 63
6397 230
6396 1645
6395 8463
6394 1443
6393 56
6392 108
6391 0
6390 0
6389 0
6388 0
6387 5868
6386 670
6385 1029
6384 434
6382 118
6383 5901
6380 22
6381 126
6378 5098
6379 121
6376 555
6377 2765
6374 19
6375 4301
6372 1507
6373 17
6370 335
6371 304
6368 386
6369 2435
6365 0
6364 0
6367 5273
6366 3895
6361 2809
6360 1660
6363 5202
6362 0
6357 1291
6356 16
6359 3250
6358 953
6353 117
6352 137
6355 269
6354 128
6348 29
6349 1250
6350 242
6351 788
6344 60
6345 834
6346 0
6347 1448
6340 460
6341 0
6342 524
6343 240
6336 181
6337 0
6338 689
6339 353
6194 124
6195 1323
6192 2805
6193 139
6198 551
6199 122
6196 2191
6197 0
6202 48
6203 339
6200 3092
6201 0
6206 1709
6207 416
6204 1673
6205 137
6179 1195
6178 0
6177 1338
6176 7192
6183 2376
6182 0
6181 2178
6180 1759
6187 4785
6186 3235
6185 1073
6184 269
6191 2027
6190 7521
6189 0
6188 0
6160 862
6161 27
6162 37
6163 987
6164 750
6165 6918
6166 0
6167 2013
6168 3712
6169 2035
6170 0
6171 240
6172 143
6173 1028
6174 142
6175 2048
6145 0
6144 2380
6147 4963
6146 839
6149 107
6148 428
6151 9397
6150 357
6153 466
6152 0
6155 3
6154 1745
6157 5147
6156 59
6159 265
6158 599
6262 3052
6263 263
6260 1581
6261 929
6258 716
6259 4150
6256 160
6257 564
6270 413
6271 3
6268 198
6269 643
6266 848
6267 0
6264 4636
6265 54
6247 745
6246 746
6245 325
6244 117
6243 918
6242 0
6241 0
6240 137
6255 3144
6254 545
6253 0
6252 0
6251 3160
6250 653
6249 611
6248 4911
6228 2
6229 2732
6230 3245
6231 256
6224 0
6225 1057
6226 0
6227 1468
6236 451
6237 659
6238 2539
6239 503
6232 10682
6233 3665
6234 29
6235 133
6213 0
6212 500
6215 510
6214 190
6209 280
6208 2547
6211 699
6210 373
6221 0
6220 173
6223 506
6222 0
6217 651
6216 303
6219 2147
6218 386
7054 0
7055 0
7052 0
7053 0
7050 0
7051 0
7048 0
7049 0
7046 0
7047 0
7044 0
7045 0
7042 0
7043 0
7040 0
7041 0
7071 0
7070 0
7069 0
7068 0
7067 0
7066 0
7065 0
7064 0
7063 0
7062 0
7061 0
7060 0
7059 0
7058 0
7057 0
7056 0
7084 0
7085 0
7086 0
7087 0
7080 0
7081 0
7082 0
7083 0
7076 0
7077 0
7078 0
7079 0
7072 0
7073 0
7074 0
7075 0
7101 0
7100 0
7103 0
7102 0
7097 0
7096 0
7099 0
7098 0
7093 0
7092 0
7095 0
7094 0
7089 0
7088 0
7091 0
7090 0
7114 0
7115 0
7112 0
7113 0
7118 0
7119 0
7116 0
7117 0
7106 0
7107 0
7104 0
7105 0
7110 0
7111 0
7108 0
7109 0
7131 0
7130 0
7129 0
7128 0
7135 0
7134 0
7133 0
7132 0
7123 0
7122 0
7121 0
7120 0
7127 0
7126 0
7125 0
7124 0
7144 0
7145 0
7146 0
7147 0
7148 0
7149 0
7150 0
7151 0
7136 0
7137 0
7138 0
7139 0
7140 0
7141 0
7142 0
7143 0
7161 0
7160 0
7163 0
7162 0
7165 0
7164 0
7167 0
7166 0
7153 0
7152 0
7155 0
7154 0
7157 0
7156 0
7159 0
7158 0
6919 0
6918 0
6917 0
6916 0
6915 0
6914 0
6913 0
6912 0
6927 0
6926 0
6925 0
6924 0
6923 0
6922 0
6921 0
6920 0
6934 0
6935 0
6932 0
6933 0
6930 0
6931 0
6928 0
6929 0
6942 0
6943 0
6940 0
6941 0
6938 0
6939 0
6936 0
6937 0
6949 0
6948 0
6951 0
6950 0
6945 0
6944 0
6947 0
6946 0
6957 0
6956 0
6959 0
6958 0
6953 0
6952 0
6955 0
6954 0
6964 0
6965 0
6966 0
6967 0
6960 0
6961 0
6962 0
6963 0
6972 0
6973 0
6974 0
6975 0
6968 0
6969 0
6970 0
6971 0
6979 0
6978 0
6977 0
6976 0
6983 0
6982 0
6981 0
6980 0
6987 0
6986 0
6985 0
6984 0
6991 0
6990 0
6989 0
6988 0
6994 0
6995 0
6992 0
6993 0
6998 0
6999 0
6996 0
6997 0
7002 0
7003 0
7000 0
7001 0
7006 0
7007 0
7004 0
7005 0
7009 0
7008 0
7011 0
7010 0
7013 0
7012 0
7015 0
7014 0
7017 0
7016 0
7019 0
7018 0
7021 0
7020 0
7023 0
7022 0
7024 0
7025 0
7026 0
7027 0
7028 0
7029 0
7030 0
7031 0
7032 0
7033 0
7034 0
7035 0
7036 0
7037 0
7038 0
7039 0
6813 0
6812 0
6815 0
6814 0
6809 0
6808 0
6811 0
6810 0
6805 0
6804 0
6807 0
6806 0
6801 0
6800 0
6803 0
6802 0
6796 0
6797 0
6798 0
6799 0
6792 0
6793 0
6794 0
6795 0
6788 0
6789 0
6790 0
6791 0
6784 0
6785 0
6786 0
6787 0
6847 0
6846 0
6845 0
6844 0
6843 0
6842 0
6841 0
6840 0
6839 0
6838 0
6837 0
6836 0
6835 0
6834 0
6833 0
6832 0
6830 0
6831 0
6828 0
6829 0
6826 0
6827 0
6824 0
6825 0
6822 0
6823 0
6820 0
6821 0
6818 0
6819 0
6816 0
6817 0
6873 0
6872 0
6875 0
6874 0
6877 0
6876 0
6879 0
6878 0
6865 0
6864 0
6867 0
6866 0
6869 0
6868 0
6871 0
6870 0
6856 0
6857 0
6858 0
6859 0
6860 0
6861 0
6862 0
6863 0
6848 0
6849 0
6850 0
6851 0
6852 0
6853 0
6854 0
6855 0
6907 0
6906 0
6905 0
6904 0
6911 0
6910 0
6909 0
6908 0
6899 0
6898 0
6897 0
6896 0
6903 0
6902 0
6901 0
6900 0
6890 0
6891 0
6888 0
6889 0
6894 0
6895 0
6892 0
6893 0
6882 0
6883 0
6880 0
6881 0
6886 0
6887 0
6884 0
6885 0
6676 326
6677 12896
6678 0
6679 32
6672 0
6673 39
6674 5
6675 3174
6684 171
6685 409
6686 19821
6687 0
6680 199
6681 866
6682 112
6683 44
6661 2566
6660 78
6663 2950
6662 213
6657 864
6656 253
6659 3362
6658 347
6669 0
6668 5
6671 10
6670 301
6665 217
6664 0
6667 34
6666 0
6710 0
6711 0
6708 0
6709 0
6706 0
6707 0
6704 0
6705 0
6718 0
6719 0
6716 0
6717 0
6714 0
6715 0
6712 0
6713 0
6695 0
6694 0
6693 0
6692 0
6691 0
6690 0
6689 0
6688 0
6703 0
6702 0
6701 0
6700 0
6699 0
6698 0
6697 0
6696 0
6736 0
6737 0
6738 0
6739 0
6740 0
6741 0
6742 0
6743 0
6744 0
6745 0
6746 0
6747 0
6748 0
6749 0
6750 0
6751 0
6721 0
6720 0
6723 0
6722 0
6725 0
6724 0
6727 0
6726 0
6729 0
6728 0
6731 0
6730 0
6733 0
6732 0
6735 0
6734 0
6770 0
6771 0
6768 0
6769 0
6774 0
6775 0
6772 0
6773 0
6778 0
6779 0
6776 0
6777 0
6782 0
6783 0
6780 0
6781 0
6755 0
6754 0
6753 0
6752 0
6759 0
6758 0
6757 0
6756 0
6763 0
6762 0
6761 0
6760 0
6767 0
6766 0
6765 0
6764 0
7652 0
7653 0
7654 0
7655 0
7648 0
7649 0
7650 0
7651 0
7660 0
7661 0
7662 0
7663 0
7656 0
7657 0
7658 0
7659 0
7669 458
7668 935
7671 0
7670 74
7665 0
7664 0
7667 0
7666 0
7677 1825
7676 689
7679 1488
7678 0
7673 1882
7672 833
7675 1485
7674 110
7622 0
7623 0
7620 0
7621 0
7618 0
7619 0
7616 0
7617 0
7630 0
7631 0
7628 0
7629 0
7626 0
7627 0
7624 0
7625 0
7639 0
7638 0
7637 0
7636 0
7635 0
7634 0
7633 0
7632 0
7647 0
7646 0
7645 0
7644 0
7643 0
7642 0
7641 0
7640 0
7584 0
7585 0
7586 0
7587 0
7588 0
7589 0
7590 0
7591 0
7592 0
7593 0
7594 0
7595 0
7596 0
7597 0
7598 0
7599 0
7601 0
7600 0
7603 0
7602 0
7605 0
7604 0
7607 0
7606 0
7609 0
7608 0
7611 0
7610 0
7613 0
7612 0
7615 0
7614 0
7554 0
7555 0
7552 0
7553 0
7558 0
7559 0
7556 0
7557 0
7562 0
7563 0
7560 0
7561 0
7566 0
7567 0
7564 0
7565 0
7571 0
7570 0
7569 0
7568 0
7575 0
7574 0
7573 0
7572 0
7579 0
7578 0
7577 0
7576 0
7583 0
7582 0
7581 0
7580 0
7533 0
7532 0
7535 0
7534 0
7529 0
7528 0
7531 0
7530 0
7525 0
7524 0
7527 0
7526 0
7521 0
7520 0
7523 0
7522 0
7548 0
7549 0
7550 0
7551 0
7544 0
7545 0
7546 0
7547 0
7540 0
7541 0
7542 0
7543 0
7536 0
7537 0
7538 0
7539 0
7503 0
7502 0
7501 0
7500 0
7499 0
7498 0
7497 0
7496 0
7495 2593
7494 0
7493 0
7492 0
7491 0
7490 0
7489 0
7488 0
7518 0
7519 0
7516 0
7517 0
7514 0
7515 0
7512 0
7513 0
7510 0
7511 0
7508 0
7509 0
7506 0
7507 0
7504 0
7505 0
7465 0
7464 0
7467 0
7466 0
7469 0
7468 0
7471 0
7470 0
7457 0
7456 0
7459 0
7458 0
7461 0
7460 0
7463 0
7462 0
7480 0
7481 0
7482 0
7483 0
7484 0
7485 0
7486 0
7487 0
7472 0
7473 0
7474 0
7475 0
7476 0
7477 0
7478 0
7479 0
7435 0
7434 0
7433 0
7432 0
7439 0
7438 0
7437 0
7436 0
7427 0
7426 0
7425 0
7424 0
7431 0
7430 0
7429 0
7428 0
7450 0
7451 0
7448 0
7449 0
7454 0
7455 0
7452 0
7453 0
7442 0
7443 0
7440 0
7441 0
7446 0
7447 0
7444 0
7445 0
7415 0
7414 0
7413 0
7412 0
7411 0
7410 0
7409 0
7408 0
7423 0
7422 0
7421 0
7420 0
7419 0
7418 0
7417 0
7416 0
7398 0
7399 0
7396 0
7397 0
7394 0
7395 0
7392 0
7393 0
7406 0
7407 0
7404 0
7405 0
7402 0
7403 0
7400 0
7401 0
7381 0
7380 0
7383 0
7382 0
7377 0
7376 0
7379 0
7378 0
7389 0
7388 0
7391 0
7390 0
7385 0
7384 0
7387 0
7386 0
7364 0
7365 0
7366 0
7367 0
7360 0
7361 0
7362 0
7363 0
7372 0
7373 0
7374 0
7375 0
7368 0
7369 0
7370 0
7371 0
7347 0
7346 0
7345 0
7344 0
7351 0
7350 0
7349 0
7348 0
7355 0
7354 0
7353 0
7352 0
7359 0
7358 0
7357 0
7356 0
7330 0
7331 0
7328 0
7329 0
7334 0
7335 0
7332 0
7333 0
7338 0
7339 0
7336 0
7337 0
7342 0
7343 0
7340 0
7341 0
7313 0
7312 0
7315 0
7314 0
7317 0
7316 0
7319 0
7318 0
7321 0
7320 0
7323 0
7322 0
7325 0
7324 0
7327 0
7326 0
7296 0
7297 0
7298 0
7299 0
7300 0
7301 0
7302 0
7303 0
7304 0
7305 0
7306 0
7307 0
7308 0
7309 0
7310 0
7311 0
7294 0
7295 0
7292 0
7293 0
7290 0
7291 0
7288 0
7289 0
7286 0
7287 0
7284 0
7285 0
7282 0
7283 0
7280 0
7281 0
7279 0
7278 0
7277 0
7276 0
7275 0
7274 0
7273 0
7272 0
7271 0
7270 0
7269 0
7268 0
7267 0
7266 0
7265 0
7264 0
7260 0
7261 0
7262 0
7263 0
7256 0
7257 0
7258 0
7259 0
7252 0
7253 0
7254 0
7255 0
7248 0
7249 0
7250 0
7251 0
7245 0
7244 0
7247 0
7246 0
7241 0
7240 0
7243 0
7242 0
7237 0
7236 0
7239 0
7238 0
7233 0
7232 0
7235 0
7234 0
7226 0
7227 0
7224 0
7225 0
7230 0
7231 0
7228 0
7229 0
7218 0
7219 0
7216 0
7217 0
7222 0
7223 0
7220 0
7221 0
7211 0
7210 0
7209 0
7208 0
7215 0
7214 0
7213 0
7212 0
7203 0
7202 0
7201 0
7200 0
7207 0
7206 0
7205 0
7204 0
7192 0
7193 0
7194 0
7195 0
7196 0
7197 0
7198 0
7199 0
7184 0
7185 0
7186 0
7187 0
7188 0
7189 0
7190 0
7191 0
7177 0
7176 0
7179 0
7178 0
7181 0
7180 0
7183 0
7182 0
7169 0
7168 0
7171 0
7170 0
7173 0
7172 0
7175 0
7174 0
8130 1333
8131 727
8128 2737
8129 2128
8134 5675
8135 0
8132 345
8133 0
8138 4192
8139 411
8136 0
8137 0
8142 8580
8143 0
8140 54
8141 4280
8147 643
8146 108
8145 21276
8144 2546
8151 3459
8150 5774
8149 368
8148 0
8155 4646
8154 0
8153 4258
8152 645
8159 1471
8158 512
8157 76
8156 121
8160 128
8161 333
8162 0
8163 0
8164 9254
8165 0
8166 783
8167 0
8168 2624
8169 7
8170 5
8171 461
8172 1093
8173 69
8174 4083
8175 0
8177 327
8176 4071
8179 767
8178 1241
8181 3693
8180 158
8183 0
8182 5335
8185 885
8184 994
8187 2142
8186 139
8189 73
8188 813
8191 0
8190 2579
8070 0
8071 387
8068 0
8069 2850
8066 329
8067 326
8064 0
8065 3690
8078 458
8079 1426
8076 3420
8077 416
8074 31
8075 356
8072 2410
8073 6
8087 737
8086 820
8085 300
8084 561
8083 652
8082 7
8081 929
8080 1468
8095 0
8094 4400
8093 2657
8092 2563
8091 0
8090 0
8089 7104
8088 16
8100 1135
8101 10703
8102 0
8103 0
8096 26
8097 4244
8098 1645
8099 1501
8108 0
8109 0
8110 9218
8111 962
8104 2997
8105 1095
8106 1938
8107 679
8117 2517
8116 3515
8119 8146
8118 1160
8113 4510
8112 46
8115 631
8114 950
8125 1080
8124 605
8127 7239
8126 1697
8121 44
8120 2932
8123 816
8122 472
8011 311
8010 498
8009 0
8008 5572
8015 1106
8014 0
8013 2286
8012 3749
8003 43
8002 4482
8001 2326
8000 1623
8007 1296
8006 1958
8005 6
8004 594
8026 1775
8027 765
8024 0
8025 0
8030 213
8031 379
8028 450
8029 354
8018 936
8019 2277
8016 3187
8017 500
8022 6593
8023 0
8020 641
8021 1285
8041 0
8040 482
8043 0
8042 1487
8045 596
8044 4737
8047 1224
8046 1228
8033 639
8032 626
8035 796
8034 1748
8037 0
8036 855
8039 651
8038 91
8056 161
8057 79
8058 368
8059 70
8060 2457
8061 2470
8062 1189
8063 448
8048 926
8049 0
8050 776
8051 220
8052 100
8053 303
8054 657
8055 67
7951 597
7950 2463
7949 1002
7948 512
7947 462
7946 0
7945 2542
7944 0
7943 302
7942 7195
7941 777
7940 3412
7939 1634
7938 946
7937 3941
7936 384
7966 2571
7967 0
7964 1794
7965 2324
7962 1841
7963 0
7960 0
7961 437
7958 2974
7959 2442
7956 2983
7957 829
7954 381
7955 401
7952 4080
7953 1701
7981 4
7980 5139
7983 7653
7982 3103
7977 9
7976 228
7979 0
7978 93
7973 378
7972 1
7975 183
7974 2555
7969 5240
7968 0
7971 673
7970 0
7996 1191
7997 552
7998 936
7999 779
7992 3301
7993 144
7994 920
7995 151
7988 843
7989 824
7990 2723
7991 414
7984 0
7985 994
7986 0
7987 2085
7889 1072
7888 6
7891 273
7890 461
7893 0
7892 200
7895 3437
7894 136
7897 132
7896 0
7899 3755
7898 739
7901 142
7900 27
7903 0
7902 93
7872 110
7873 221
7874 296
7875 176
7876 941
7877 5396
7878 531
7879 0
7880 0
7881 2190
7882 499
7883 0
7884 364
7885 2560
7886 770
7887 2046
7923 108
7922 909
7921 0
7920 13
7927 0
7926 736
7925 156
7924 974
7931 195
7930 588
7929 5
7928 0
7935 396
7934 1216
7933 4512
7932 2159
7906 1
7907 37
7904 130
7905 0
7910 5230
7911 1583
7908 2701
7909 1509
7914 411
7915 0
7912 7502
7913 2885
7918 0
7919 9
7916 2373
7917 1915
7829 303
7828 330
7831 444
7830 401
7825 40
7824 44
7827 89
7826 0
7837 2906
7836 863
7839 7279
7838 12
7833 831
7832 361
7835 760
7834 132
7812 0
7813 3674
7814 0
7815 2
7808 429
7809 68
7810 429
7811 257
7820 43
7821 270
7822 5209
7823 734
7816 2418
7817 7009
7818 3634
7819 574
7863 694
7862 0
7861 2315
7860 1431
7859 1289
7858 0
7857 2033
7856 61
7871 1547
7870 2145
7869 5
7868 1
7867 165
7866 1505
7865 749
7864 0
7846 6461
7847 0
7844 1312
7845 1187
7842 0
7843 0
7840 9345
7841 9912
7854 98
7855 2679
7852 2
7853 2
7850 11
7851 15
7848 0
7849 19
7768 20
7769 1480
7770 2242
7771 3432
7772 2563
7773 2362
7774 0
7775 182
7760 3049
7761 396
7762 276
7763 2664
7764 180
7765 340
7766 684
7767 2698
7753 5124
7752 2482
7755 35
7754 251
7757 496
7756 108
7759 954
7758 2603
7745 37
7744 6
7747 149
7746 2591
7749 620
7748 6727
7751 32
7750 0
7802 419
7803 1277
7800 5157
7801 2484
7806 71
7807 65
7804 0
7805 2247
7794 620
7795 0
7792 963
7793 315
7798 0
7799 0
7796 2038
7797 2509
7787 1188
7786 870
7785 1810
7784 2287
7791 3604
7790 1254
7789 4169
7788 0
7779 51
7778 152
7777 4979
7776 2734
7783 2775
7782 40
7781 4547
7780 3022
7708 0
7709 57
7710 2051
7711 6545
7704 1699
7705 985
7706 0
7707 1340
7700 2302
7701 6597
7702 6127
7703 319
7696 0
7697 0
7698 0
7699 476
7693 2168
7692 3045
7695 2009
7694 1386
7689 299
7688 7333
7691 2160
7690 1724
7685 5182
7684 1098
7687 0
7686 3370
7681 1491
7680 254
7683 1131
7682 3032
7742 2261
7743 843
7740 172
7741 0
7738 3316
7739 607
7736 810
7737 4071
7734 0
7735 1282
7732 257
7733 365
7730 570
7731 612
7728 1968
7729 108
7727 10
7726 686
7725 0
7724 3250
7723 3578
7722 4881
7721 1203
7720 3058
7719 1129
7718 1696
7717 245
7716 3542
7715 2676
7714 3567
7713 131
7712 685
8800 448
8801 62
8802 180
8803 70
8804 163
8805 8
8806 66
8807 1
8808 4334
8809 0
8810 0
8811 1368
8812 42
8813 5488
8814 1181
8815 1036
8817 2624
8816 184
8819 184
8818 2750
8821 1842
8820 0
8823 0
8822 15296
8825 0
8824 0
8827 0
8826 0
8829 0
8828 0
8831 0
8830 0
8770 0
8771 0
8768 0
8769 0
8774 0
8775 0
8772 0
8773 0
8778 2783
8779 71
8776 0
8777 5459
8782 5360
8783 15724
8780 289
8781 895
8787 649
8786 2643
8785 0
8784 4756
8791 230
8790 0
8789 1132
8788 2254
8795 104
8794 74
8793 58
8792 114
8799 440
8798 41
8797 20
8796 20
8740 1148
8741 0
8742 448
8743 507
8736 0
8737 0
8738 11783
8739 0
8748 286
8749 571
8750 16428
8751 0
8744 469
8745 2456
8746 0
8747 1049
8757 0
8756 0
8759 0
8758 0
8753 0
8752 0
8755 0
8754 0
8765 0
8764 0
8767 0
8766 0
8761 0
8760 0
8763 0
8762 0
8710 0
8711 1864
8708 85
8709 3152
8706 985
8707 0
8704 440
8705 475
8718 228
8719 1548
8716 1
8717 241
8714 0
8715 268
8712 0
8713 1753
8727 1624
8726 1804
8725 1018
8724 91
8723 699
8722 108
8721 427
8720 555
8735 4493
8734 28
8733 355
8732 893
8731 2338
8730 7263
8729 1981
8728 369
8937 0
8936 0
8939 0
8938 0
8941 0
8940 0
8943 0
8942 0
8929 0
8928 0
8931 0
8930 0
8933 0
8932 0
8935 0
8934 0
8952 0
8953 0
8954 0
8955 0
8956 0
8957 0
8958 0
8959 0
8944 0
8945 0
8946 0
8947 0
8948 0
8949 0
8950 0
8951 0
8907 0
8906 0
8905 0
8904 0
8911 0
8910 0
8909 0
8908 0
8899 0
8898 0
8897 0
8896 0
8903 0
8902 0
8901 0
8900 0
8922 0
8923 0
8920 0
8921 0
8926 0
8927 0
8924 0
8925 0
8914 0
8915 0
8912 0
8913 0
8918 0
8919 0
8916 0
8917 0
8877 0
8876 0
8879 0
8878 0
8873 0
8872 0
8875 0
8874 0
8869 0
8868 0
8871 0
8870 0
8865 0
8864 0
8867 0
8866 0
8892 0
8893 0
8894 0
8895 0
8888 0
8889 0
8890 0
8891 0
8884 0
8885 0
8886 0
8887 0
8880 0
8881 0
8882 0
8883 0
8847 0
8846 0
8845 0
8844 0
8843 0
8842 0
8841 0
8840 0
8839 0
8838 0
8837 0
8836 0
8835 0
8834 0
8833 0
8832 0
8862 0
8863 0
8860 0
8861 0
8858 0
8859 0
8856 0
8857 0
8854 0
8855 0
8852 0
8853 0
8850 0
8851 0
8848 0
8849 0
9075 351
9074 0
9073 3575
9072 1293
9079 598
9078 718
9077 0
9076 1760
9083 1367
9082 407
9081 1757
9080 997
9087 2382
9086 4773
9085 2118
9084 442
9058 963
9059 0
9056 3384
9057 779
9062 97
9063 38
9060 2506
9061 264
9066 1114
9067 779
9064 1633
9065 355
9070 3832
9071 497
9068 0
9069 2008
9041 2877
9040 451
9043 388
9042 472
9045 1972
9044 2273
9047 2757
9046 309
9049 2545
9048 438
9051 1262
9050 3855
9053 61
9052 1309
9055 92
9054 3972
9024 2537
9025 0
9026 1881
9027 93
9028 351
9029 563
9030 2828
9031 954
9032 15
9033 9231
9034 1050
9035 2507
9036 514
9037 1007
9038 411
9039 1644
9015 0
9014 8353
9013 0
9012 0
9011 1543
9010 1271
9009 0
9008 148
9023 1981
9022 0
9021 346
9020 3959
9019 1156
9018 1992
9017 1234
9016 87
8998 0
8999 0
8996 12
8997 4639
8994 2
8995 1
8992 2787
8993 2544
9006 494
9007 531
9004 1536
9005 2041
9002 66
9003 0
9000 605
9001 845
8981 3266
8980 267
8983 2894
8982 695
8977 197
8976 0
8979 4151
8978 931
8989 960
8988 1137
8991 2470
8990 8084
8985 2388
8984 0
8987 1931
8986 0
8964 0
8965 0
8966 0
8967 0
8960 0
8961 0
8962 0
8963 0
8972 0
8973 0
8974 0
8975 366
8968 0
8969 0
8970 0
8971 0
9210 203
9211 605
9208 0
9209 0
9214 28
9215 149
9212 26
9213 2
9202 164
9203 1703
9200 577
9201 6706
9206 813
9207 10323
9204 89
9205 15
9195 1189
9194 2292
9193 2149
9192 689
9199 5
9198 0
9197 7368
9196 1308
9187 489
9186 2348
9185 1628
9184 67
9191 937
9190 1377
9189 216
9188 184
9176 1814
9177 0
9178 472
9179 1191
9180 595
9181 338
9182 284
9183 471
9168 1335
9169 6597
9170 0
9171 6356
9172 533
9173 4402
9174 702
9175 9
9161 2443
9160 309
9163 502
9162 440
9165 652
9164 50
9167 136
9166 1529
9153 172
9152 0
9155 787
9154 1979
9157 527
9156 2116
9159 12
9158 751
9150 0
9151 4112
9148 184
9149 1556
9146 0
9147 553
9144 23
9145 5162
9142 517
9143 2339
9140 3
9141 1183
9138 548
9139 2762
9136 514
9137 0
9135 678
9134 12
9133 3149
9132 81
9131 239
9130 16
9129 24
9128 1724
9127 2278
9126 0
9125 0
9124 936
9123 2678
9122 536
9121 3981
9120 2340
9116 4053
9117 0
9118 509
9119 908
9112 189
9113 820
9114 3983
9115 120
9108 4097
9109 3843
9110 1733
9111 381
9104 0
9105 2219
9106 1924
9107 2277
9101 2594
9100 113
9103 922
9102 201
9097 621
9096 2147
9099 78
9098 558
9093 1208
9092 1463
9095 3405
9094 748
9089 4258
9088 1717
9091 22
9090 0
8262 119
8263 4776
8260 259
8261 37
8258 0
8259 0
8256 3804
8257 1880
8270 133
8271 0
8268 5681
8269 666
8266 0
8267 5247
8264 333
8265 2169
8279 2759
8278 7394
8277 2539
8276 4859
8275 104
8274 594
8273 7249
8272 6410
8287 6365
8286 1493
8285 0
8284 1153
8283 824
8282 1591
8281 0
8280 3327
8292 1125
8293 1484
8294 1569
8295 8158
8288 0
8289 1168
8290 3182
8291 4854
8300 2416
8301 5085
8302 1871
8303 8392
8296 3189
8297 3542
8298 2623
8299 0
8309 4967
8308 6820
8311 1275
8310 53
8305 625
8304 0
8307 2840
8306 1221
8317 1023
8316 1291
8319 1537
8318 3144
8313 3660
8312 5173
8315 0
8314 0
8194 1825
8195 1478
8192 4519
8193 7269
8198 2224
8199 506
8196 3086
8197 1319
8202 39
8203 98
8200 0
8201 2164
8206 1174
8207 2379
8204 0
8205 7550
8211 4448
8210 395
8209 72
8208 78
8215 0
8214 4959
8213 2976
8212 1564
8219 0
8218 3087
8217 1171
8216 5172
8223 1076
8222 379
8221 1209
8220 302
8224 206
8225 577
8226 5289
8227 823
8228 620
8229 321
8230 4873
8231 1
8232 0
8233 0
8234 512
8235 188
8236 987
8237 3378
8238 1853
8239 1549
8241 0
8240 4869
8243 5628
8242 702
8245 1320
8244 1194
8247 3493
8246 4067
8249 19
8248 4319
8251 1068
8250 236
8253 7177
8252 1422
8255 8373
8254 203
8399 7349
8398 412
8397 161
8396 0
8395 959
8394 12
8393 3
8392 1218
8391 519
8390 344
8389 162
8388 146
8387 2386
8386 1588
8385 1921
8384 520
8414 0
8415 0
8412 848
8413 627
8410 102
8411 2365
8408 3288
8409 519
8406 111
8407 1072
8404 2226
8405 977
8402 3955
8403 521
8400 2568
8401 543
8429 0
8428 2474
8431 6112
8430 13
8425 3219
8424 671
8427 514
8426 0
8421 1093
8420 838
8423 5505
8422 375
8417 0
8416 1663
8419 3937
8418 129
8444 740
8445 750
8446 69
8447 679
8440 205
8441 8
8442 72
8443 5
8436 111
8437 133
8438 656
8439 268
8432 792
8433 331
8434 338
8435 35
8331 1355
8330 1562
8329 720
8328 9316
8335 1560
8334 2968
8333 1475
8332 1613
8323 4875
8322 2157
8321 629
8320 5009
8327 0
8326 0
8325 4345
8324 245
8346 5029
8347 0
8344 15988
8345 24
8350 5734
8351 479
8348 137
8349 1470
8338 640
8339 117
8336 683
8337 27
8342 245
8343 0
8340 126
8341 1002
8361 144
8360 1286
8363 3810
8362 2987
8365 1560
8364 2847
8367 42
8366 10
8353 5076
8352 140
8355 2908
8354 5113
8357 350
8356 1514
8359 152
8358 783
8376 0
8377 645
8378 4212
8379 174
8380 2716
8381 4194
8382 7357
8383 0
8368 0
8369 310
8370 44
8371 0
8372 338
8373 358
8374 7312
8375 0
8533 2102
8532 949
8535 7
8534 1760
8529 210
8528 1171
8531 1265
8530 37
8541 0
8540 0
8543 691
8542 6200
8537 254
8536 752
8539 2355
8538 0
8516 0
8517 1121
8518 1580
8519 365
8512 0
8513 1124
8514 0
8515 2812
8524 924
8525 611
8526 3508
8527 360
8520 1541
8521 2889
8522 0
8523 561
8567 4836
8566 1513
8565 0
8564 3242
8563 376
8562 0
8561 3199
8560 0
8575 475
8574 406
8573 1807
8572 511
8571 2297
8570 0
8569 7364
8568 0
8550 307
8551 10
8548 0
8549 465
8546 96
8547 5858
8544 1291
8545 1005
8558 240
8559 3092
8556 611
8557 618
8554 0
8555 1824
8552 2
8553 239
8465 6504
8464 136
8467 103
8466 0
8469 799
8468 1422
8471 2467
8470 1319
8473 49
8472 194
8475 405
8474 1511
8477 411
8476 4037
8479 0
8478 275676
8448 1271
8449 0
8450 1231
8451 512
8452 818
8453 1317
8454 194
8455 194
8456 2540
8457 2296
8458 1094
8459 86
8460 734
8461 1501
8462 558
8463 2764
8499 2041
8498 94
8497 0
8496 4266
8503 1728
8502 2
8501 550
8500 35
8507 1410
8506 10339
8505 5708
8504 3499
8511 1159
8510 6836
8509 789
8508 1651
8482 1116
8483 180
8480 0
8481 0
8486 0
8487 0
8484 0
8485 0
8490 0
8491 442
8488 166
8489 0
8494 1087
8495 8918
8492 0
8493 0
8668 2916
8669 26
8670 223
8671 437
8664 934
8665 7954
8666 2579
8667 1320
8660 825
8661 5083
8662 0
8663 76
8656 5
8657 35
8658 0
8659 276
8653 1079
8652 5431
8655 3
8654 233
8649 154
8648 2020
8651 170
8650 472
8645 63
8644 7
8647 2496
8646 2867
8641 664
8640 656
8643 0
8642 2297
8702 330
8703 2763
8700 614
8701 1198
8698 271
8699 747
8696 2080
8697 488
8694 0
8695 255
8692 155
8693 147
8690 676
8691 0
8688 72
8689 169
8687 1714
8686 545
8685 2269
8684 215
8683 12
8682 14
8681 1470
8680 430
8679 0
8678 415
8677 2481
8676 2514
8675 66
8674 0
8673 0
8672 2813
8600 1732
8601 208
8602 249
8603 1842
8604 287
8605 97
8606 59
8607 1128
8592 0
8593 859
8594 2027
8595 591
8596 1397
8597 862
8598 1509
8599 625
8585 0
8584 1019
8587 2257
8586 4756
8589 698
8588 264
8591 3716
8590 3
8577 307
8576 1531
8579 0
8578 4020
8581 1569
8580 2693
8583 240
8582 1890
8634 0
8635 0
8632 23
8633 5547
8638 2929
8639 0
8636 9980
8637 0
8626 1888
8627 559
8624 460
8625 2411
8630 1102
8631 0
8628 926
8629 241
8619 4
8618 4748
8617 21
8616 2225
8623 5258
8622 1081
8621 324
8620 3284
8611 2543
8610 1713
8609 186
8608 1136
8615 435
8614 122
8613 1797
8612 2021
9772 13
9773 2577
9774 334
9775 4307
9768 448
9769 385
9770 1363
9771 3032
9764 192
9765 1241
9766 200
9767 284
9760 2792
9761 1090
9762 0
9763 664
9789 37
9788 310
9791 1187
9790 43
9785 0
9784 1018
9787 131
9786 0
9781 0
9780 0
9783 0
9782 0
9777 1472
9776 182
9779 4269
9778 690
9742 1295
9743 0
9740 0
9741 0
9738 20927
9739 4165
9736 4898
9737 0
9734 12
9735 2437
9732 219
9733 765
9730 2638
9731 3031
9728 1774
9729 1492
9759 1762
9758 180
9757 319
9756 13
9755 6
9754 277
9753 181
9752 179
9751 263
9750 0
9749 635
9748 0
9747 874
9746 562
9745 0
9744 756
9832 41
9833 536
9834 50
9835 47
9836 25
9837 56
9838 0
9839 128
9824 1973
9825 3348
9826 17
9827 23
9828 4
9829 1056
9830 19
9831 10
9849 0
9848 2
9851 0
9850 0
9853 0
9852 0
9855 0
9854 0
9841 34184
9840 0
9843 0
9842 6
9845 0
9844 0
9847 0
9846 0
9802 456
9803 932
9800 471
9801 2323
9806 1640
9807 2149
9804 2598
9805 94
9794 499
9795 889
9792 0
9793 0
9798 160
9799 171
9796 63
9797 901
9819 2109
9818 3485
9817 1830
9816 1263
9823 4388
9822 435
9821 0
9820 5313
9811 0
9810 2893
9809 393
9808 400
9815 461
9814 1022
9813 0
9812 3338
9893 0
9892 0
9895 0
9894 0
9889 0
9888 0
9891 0
9890 0
9901 0
9900 0
9903 0
9902 0
9897 0
9896 0
9899 0
9898 0
9908 0
9909 2449
9910 0
9911 0
9904 0
9905 0
9906 0
9907 0
9916 0
9917 0
9918 0
9919 0
9912 0
9913 0
9914 0
9915 0
9863 5
9862 0
9861 0
9860 0
9859 0
9858 0
9857 0
9856 7
9871 0
9870 0
9869 0
9868 0
9867 9
9866 0
9865 0
9864 0
9878 0
9879 0
9876 0
9877 0
9874 0
9875 0
9872 0
9873 0
9886 0
9887 0
9884 0
9885 0
9882 0
9883 0
9880 0
9881 0
9953 0
9952 0
9955 0
9954 0
9957 0
9956 0
9959 0
9958 0
9961 0
9960 0
9963 2
9962 0
9965 0
9964 0
9967 0
9966 0
9968 0
9969 0
9970 0
9971 0
9972 0
9973 0
9974 0
9975 0
9976 0
9977 0
9978 0
9979 0
9980 0
9981 0
9982 0
9983 0
9923 0
9922 0
9921 0
9920 0
9927 0
9926 0
9925 0
9924 0
9931 0
9930 0
9929 0
9928 0
9935 0
9934 0
9933 0
9932 0
9938 0
9939 0
9936 0
9937 0
9942 0
9943 0
9940 0
9941 0
9946 0
9947 0
9944 0
9945 0
9950 0
9951 0
9948 0
9949 0
10047 0
10046 0
10045 0
10044 0
10043 0
10042 0
10041 0
10040 0
10039 0
10038 0
10037 0
10036 0
10035 0
10034 0
10033 0
10032 0
10030 0
10031 0
10028 0
10029 0
10026 0
10027 0
10024 0
10025 0
10022 0
10023 0
10020 0
10021 0
10018 0
10019 0
10016 0
10017 0
10013 0
10012 0
10015 0
10014 0
10009 0
10008 0
10011 0
10010 0
10005 0
10004 0
10007 0
10006 0
10001 0
10000 0
10003 0
10002 0
9996 0
9997 0
9998 0
9999 0
9992 0
9993 0
9994 0
9995 0
9988 0
9989 0
9990 0
9991 0
9984 0
9985 0
9986 0
9987 0
10107 2091
10106 0
10105 1
10104 0
10111 24
10110 81
10109 241
10108 72
10099 0
10098 0
10097 0
10096 0
10103 0
10102 0
10101 0
10100 0
10090 0
10091 0
10088 0
10089 0
10094 0
10095 0
10092 0
10093 0
10082 0
10083 0
10080 0
10081 0
10086 0
10087 0
10084 0
10085 0
10073 0
10072 0
10075 0
10074 0
10077 0
10076 0
10079 0
10078 0
10065 0
10064 0
10067 0
10066 0
10069 0
10068 0
10071 0
10070 0
10056 0
10057 0
10058 0
10059 0
10060 0
10061 0
10062 0
10063 0
10048 0
10049 0
10050 0
10051 0
10052 0
10053 0
10054 0
10055 0
10166 778
10167 1048
10164 1895
10165 1356
10162 9
10163 419
10160 1267
10161 2196
10174 5873
10175 0
10172 14
10173 433
10170 28
10171 817
10168 752
10169 259
10151 1168
10150 1155
10149 798
10148 2223
10147 241
10146 77
10145 0
10144 2025
10159 1981
10158 930
10157 247
10156 3379
10155 2400
10154 1122
10153 1912
10152 675
10132 1482
10133 0
10134 0
10135 2299
10128 0
10129 1637
10130 1491
10131 205
10140 802
10141 1445
10142 12528
10143 5898
10136 0
10137 5282
10138 185
10139 3130
10117 783
10116 0
10119 2382
10118 523
10113 5072
10112 4092
10115 752
10114 4411
10125 524
10124 11
10127 2271
10126 289
10121 0
10120 608
10123 0
10122 0
10226 92
10227 0
10224 140
10225 106
10230 455
10231 396
10228 159
10229 44
10234 111
10235 189
10232 85
10233 195
10238 845
10239 3706
10236 4454
10237 0
10211 80
10210 656
10209 2078
10208 1204
10215 0
10214 1063
10213 3179
10212 1135
10219 396
10218 611
10217 1286
10216 5719
10223 366
10222 289
10221 101
10220 1541
10192 187
10193 8169
10194 764
10195 0
10196 11506
10197 4741
10198 853
10199 4899
10200 0
10201 187
10202 9584
10203 7
10204 81
10205 1038
10206 242
10207 3152
10177 24
10176 0
10179 362
10178 760
10181 26
10180 422
10183 118
10182 251
10185 2105
10184 10360
10187 3742
10186 1558
10189 0
10188 2477
10191 3690
10190 0
9226 0
9227 17
9224 2225
9225 2
9230 55
9231 146
9228 4009
9229 0
9218 125
9219 0
9216 201
9217 0
9222 1497
9223 194
9220 321
9221 72
9243 251
9242 1229
9241 940
9240 956
9247 1473
9246 945
9245 2540
9244 831
9235 1320
9234 2933
9233 900
9232 774
9239 4772
9238 106
9237 3208
9236 907
9256 25
9257 73
9258 924
9259 801
9260 2607
9261 7763
9262 3498
9263 251
9248 841
9249 4232
9250 0
9251 2290
9252 1088
9253 2334
9254 2168
9255 0
9273 0
9272 482
9275 30
9274 54
9277 170
9276 36
9279 33
9278 104
9265 5301
9264 4693
9267 315
9266 709
9269 696
9268 1537
9271 509
9270 322
9294 510
9295 1239
9292 394
9293 2626
9290 8
9291 128
9288 19
9289 233
9286 149
9287 136
9284 261
9285 188
9282 0
9283 803
9280 266
9281 105
9311 0
9310 2398
9309 588
9308 144
9307 7105
9306 1555
9305 3361
9304 1560
9303 848
9302 3174
9301 371
9300 1519
9299 2947
9298 305
9297 4
9296 0
9324 1273
9325 655
9326 884
9327 106
9320 3653
9321 1899
9322 0
9323 452
9316 388
9317 73
9318 159
9319 3031
9312 486
9313 614
9314 2556
9315 0
9341 0
9340 115
9343 620
9342 106
9337 5760
9336 4
9339 10
9338 82
9333 1460
9332 426
9335 163
9334 1128
9329 0
9328 1649
9331 0
9330 5323
9347 0
9346 317
9345 3099
9344 0
9351 101
9350 0
9349 1806
9348 3
9355 0
9354 108
9353 762
9352 1440
9359 494
9358 1457
9357 575
9356 0
9362 3157
9363 0
9360 1530
9361 166
9366 1575
9367 736
9364 1017
9365 1009
9370 0
9371 1456
9368 1725
9369 1433
9374 2128
9375 0
9372 858
9373 826
9377 3445
9376 23
9379 7543
9378 451
9381 784
9380 2207
9383 2603
9382 597
9385 1687
9384 833
9387 560
9386 2623
9389 386
9388 696
9391 4797
9390 1340
9392 1591
9393 1228
9394 803
9395 4094
9396 6882
9397 684
9398 493
9399 851
9400 2629
9401 2175
9402 2771
9403 1696
9404 0
9405 445
9406 2282
9407 2097
9415 0
9414 2252
9413 876
9412 448
9411 717
9410 105
9409 264
9408 687
9423 768
9422 1603
9421 734
9420 582
9419 458
9418 2652
9417 0
9416 968
9430 121
9431 248
9428 236
9429 827
9426 1989
9427 53
9424 2894
9425 0
9438 565
9439 98
9436 5559
9437 6622
9434 615
9435 1469
9432 1444
9433 2837
9445 1406
9444 982
9447 189
9446 2572
9441 284
9440 1600
9443 296
9442 260
9453 7010
9452 3763
9455 0
9454 1574
9449 0
9448 766
9451 0
9450 50
9460 2130
9461 346
9462 2793
9463 558
9456 4902
9457 617
9458 2701
9459 841
9468 12
9469 0
9470 0
9471 0
9464 12
9465 352
9466 1341
9467 0
9497 12
9496 41
9499 117
9498 193
9501 781
9500 0
9503 0
9502 2195
9489 641
9488 0
9491 4109
9490 236
9493 1408
9492 362
9495 1531
9494 608
9480 1758
9481 2444
9482 92
9483 0
9484 471
9485 106
9486 0
9487 0
9472 92
9473 0
9474 538
9475 0
9476 0
9477 0
9478 853
9479 0
9531 905
9530 430
9529 1257
9528 720
9535 767
9534 1168
9533 0
9532 973
9523 3168
9522 455
9521 835
9520 1319
9527 960
9526 23
9525 4613
9524 2587
9514 1209
9515 1670
9512 67
9513 360
9518 2368
9519 2023
9516 841
9517 2664
9506 3023
9507 0
9504 28
9505 3773
9510 7179
9511 286
9508 0
9509 3456
9565 628
9564 1645
9567 206
9566 674
9561 1343
9560 953
9563 21
9562 0
9557 4135
9556 681
9559 1799
9558 699
9553 1787
9552 42
9555 129
9554 758
9548 428
9549 1135
9550 160
9551 2332
9544 1676
9545 3323
9546 267
9547 475
9540 32
9541 1185
9542 4111
9543 324
9536 1101
9537 2342
9538 51
9539 1179
9599 1254
9598 0
9597 0
9596 79
9595 177
9594 1477
9593 5751
9592 2260
9591 0
9590 0
9589 0
9588 0
9587 0
9586 21827
9585 74
9584 765
9582 1113
9583 79
9580 2926
9581 1121
9578 575
9579 858
9576 716
9577 4444
9574 36
9575 597
9572 715
9573 509
9570 1662
9571 0
9568 141
9569 102
9616 370
9617 484
9618 641
9619 3111
9620 0
9621 1863
9622 962
9623 649
9624 1551
9625 5112
9626 1014
9627 412
9628 387
9629 4008
9630 1767
9631 1684
9601 0
9600 0
9603 250
9602 0
9605 477
9604 2471
9607 1773
9606 120
9609 2018
9608 1298
9611 4965
9610 5398
9613 1341
9612 5030
9615 74
9614 664
9650 3022
9651 0
9648 344
9649 1696
9654 66
9655 8
9652 2210
9653 0
9658 0
9659 1322
9656 6
9657 3473
9662 1284
9663 1338
9660 2213
9661 1507
9635 2337
9634 5615
9633 889
9632 1495
9639 4741
9638 0
9637 1868
9636 0
9643 27
9642 206
9641 1697
9640 0
9647 0
9646 6321
9645 49
9644 0
9684 297
9685 2298
9686 2809
9687 0
9680 6129
9681 1626
9682 4890
9683 1503
9692 11
9693 394
9694 838
9695 36
9688 46
9689 17
9690 645
9691 733
9669 106
9668 813
9671 8206
9670 7
9665 0
9664 2999
9667 0
9666 2395
9677 110
9676 100
9679 2945
9678 3595
9673 2889
9672 0
9675 1368
9674 1125
9718 163
9719 2200
9716 0
9717 2653
9714 170
9715 1312
9712 1798
9713 1317
9726 3541
9727 0
9724 214
9725 1531
9722 763
9723 3636
9720 1138
9721 0
9703 154
9702 1482
9701 3607
9700 599
9699 6798
9698 0
9697 625
9696 80
9711 1038
9710 5769
9709 0
9708 3496
9707 1419
9706 1237
9705 0
9704 2625
10259 34174
10258 4554
10257 0
10256 13138
10263 0
10262 60
10261 1679
10260 0
10242 5882
10243 254
10240 3148
10241 0
10246 2877
10247 655
10244 1013
10245 1636
10250 12
10251 6928
10248 0
10249 1823
10254 4782
10255 2340
10252 0
10253 2725
